fine_threshold: 0.8 coarse_threshold: 0.7
Ammolite Database Info
Database Name: 250_c_6
Database version: AMMOLITE_GENERIC_DATABASE_0_0_0
This database has been organized.
Number of molecules: 250
Number of representatives: 220
Compression Type: CONNECTION_6
Number of source files: 220
Description: temp
START_QUERY 2519
START_METHOD SMSD_QuerywiseParallel_Timeout
time: 4055
matches: 33709847 
START_DETAILED_MATCHES
33709847 13
END_DETAILED_MATCHES

 misses: 10288685 10278353 10356185 10464950 10610116 10610116 10446339 11217487 11175480 11217487 11539831 11569483 1277846 12670639 12891779 13632598 13871875 15754740 15356007 15796342 16220171 15919642 16379568 16379568 16403572 16548540 16576575 16846817 17132482 17332461 17566360 17684074 17725426 17900274 177270 18119225 18198587 19034184 19502787 19368990 20106795 19709223 20230097 20993973 20835590 21056172 21466910 22429475 21609844 22829210 23543070 23543070 23870737 23905966 24731510 24925153 2564065 25095125 25717563 26764113 26764113 27137867 27173023 28542993 28542993 28615742 28615742 29881511 29359790 29936641 29955602 30055621 30544573 31076480 3138159 31790584 32830389 32951440 33295171 33221389 33307105 33536116 33889401 34299360 3437967 34408212 34637812 35314926 34697034 35658984 36089241 36118920 36943595 37355280 37376101 37434090 37545929 37545929 37551805 37693406 37693406 37715992 37715992 37896708 38395110 38487696 38605558 38653339 38813203 39146774 40099516 40099516 40175032 40581200 40704817 40778163 41521370 41521370 41655718 42006409 42395249 42006409 4282443 43009433 43107090 43107090 43197786 43536971 43536971 43656442 43872589 43981682 43718329 44495362 44071530 44891013 44870630 45146729 45320573 45543559 45769398 46173988 46420414 39022188 47545300 47848549 47899785 47899785 48826350 48983308 49119455 49419686 49719724 49785243 50108870 51215349 50242199 51215349 51368099 5204467 52580118 52866886 52473889 53188891 5325841 53867153 53428689 54002944 54068030 54288463 54410347 54410347 54870866 56075847 56229473 56220661 56370184 56578785 57147570 57147570 57153718 57192269 57192269 5733434 57436562 58625834 57528064 58758711 58956276 59779392 59792844 60811138 60998295 60886851 61297850 6133607 61371689 6133607 61374959 61406245 61431783 61726441 61494774 61808089 61967128 63131429 63131429 63565696 63143290 63565696 63886761 63637020 64003633 64078515 65465722 65138931 65727590 65943192 6596816 6596816 66033918 66166605 66228920 68683765 68049124 68683765 68683765 68856775 69067313 69173053 69874902 69937028 70037035 70413264 70334086 70668172 71211445 7293924 7582516 8351491 8482806 890505 919939 9355739 9378350 9497152 9771905 9771905 890505 
START_DETAILED_MISSES
10288685 3
10278353 4
10356185 0
10464950 0
10610116 0
10610116 0
10446339 3
11217487 0
11175480 0
11217487 0
11539831 3
11569483 4
1277846 0
12670639 2
12891779 5
13632598 4
13871875 2
15754740 0
15356007 3
15796342 0
16220171 0
15919642 0
16379568 6
16379568 6
16403572 3
16548540 6
16576575 4
16846817 7
17132482 4
17332461 0
17566360 6
17684074 4
17725426 4
17900274 4
177270 2
18119225 0
18198587 2
19034184 3
19502787 4
19368990 0
20106795 2
19709223 4
20230097 0
20993973 0
20835590 3
21056172 2
21466910 0
22429475 7
21609844 4
22829210 4
23543070 4
23543070 4
23870737 5
23905966 6
24731510 5
24925153 5
2564065 0
25095125 2
25717563 3
26764113 0
26764113 0
27137867 5
27173023 4
28542993 4
28542993 4
28615742 0
28615742 0
29881511 4
29359790 5
29936641 0
29955602 4
30055621 0
30544573 4
31076480 0
3138159 4
31790584 0
32830389 6
32951440 5
33295171 6
33221389 3
33307105 2
33536116 7
33889401 3
34299360 4
3437967 4
34408212 4
34637812 5
35314926 0
34697034 0
35658984 6
36089241 0
36118920 6
36943595 3
37355280 0
37376101 4
37434090 4
37545929 0
37545929 0
37551805 4
37693406 3
37693406 3
37715992 4
37715992 4
37896708 0
38395110 0
38487696 4
38605558 6
38653339 4
38813203 4
39146774 6
40099516 6
40099516 6
40175032 5
40581200 3
40704817 5
40778163 5
41521370 4
41521370 4
41655718 4
42006409 3
42395249 4
42006409 3
4282443 6
43009433 7
43107090 0
43107090 0
43197786 0
43536971 0
43536971 0
43656442 5
43872589 0
43981682 5
43718329 0
44495362 0
44071530 4
44891013 0
44870630 0
45146729 0
45320573 0
45543559 7
45769398 4
46173988 0
46420414 6
39022188 3
47545300 0
47848549 0
47899785 4
47899785 4
48826350 4
48983308 3
49119455 4
49419686 3
49719724 4
49785243 5
50108870 4
51215349 6
50242199 4
51215349 6
51368099 4
5204467 3
52580118 4
52866886 5
52473889 2
53188891 5
5325841 4
53867153 8
53428689 4
54002944 2
54068030 5
54288463 0
54410347 0
54410347 0
54870866 0
56075847 5
56229473 3
56220661 5
56370184 3
56578785 3
57147570 3
57147570 3
57153718 0
57192269 4
57192269 4
5733434 4
57436562 4
58625834 0
57528064 3
58758711 3
58956276 4
59779392 5
59792844 5
60811138 5
60998295 0
60886851 0
61297850 0
6133607 6
61371689 4
6133607 6
61374959 2
61406245 0
61431783 2
61726441 5
61494774 6
61808089 6
61967128 5
63131429 3
63131429 3
63565696 3
63143290 4
63565696 3
63886761 0
63637020 7
64003633 3
64078515 4
65465722 3
65138931 2
65727590 2
65943192 2
6596816 8
6596816 8
66033918 2
66166605 0
66228920 0
68683765 4
68049124 2
68683765 4
68683765 4
68856775 3
69067313 6
69173053 0
69874902 3
69937028 3
70037035 5
70413264 3
70334086 4
70668172 2
71211445 4
7293924 5
7582516 5
8351491 2
8482806 0
890505 4
919939 2
9355739 5
9378350 4
9497152 3
9771905 4
9771905 4
890505 4
END_DETAILED_MISSES

 timeouts: 
START_DETAILED_TIMEOUTS
END_DETAILED_TIMEOUTS
END_METHOD
END_QUERY
START_QUERY 5212
START_METHOD SMSD_QuerywiseParallel_Timeout
time: 6334
matches: 
START_DETAILED_MATCHES
END_DETAILED_MATCHES

 misses: 10288685 10278353 10356185 10446339 10610116 10464950 10610116 11217487 11217487 11175480 11569483 12670639 11539831 1277846 12891779 13871875 13632598 15754740 15796342 15356007 15919642 16220171 16379568 16379568 16548540 16576575 16403572 16846817 17132482 17332461 17566360 17684074 177270 17725426 17900274 18119225 18198587 19368990 19034184 19502787 20106795 20230097 19709223 20835590 20993973 21466910 21056172 22429475 22829210 21609844 23543070 23543070 23870737 24731510 23905966 24925153 2564065 25095125 26764113 26764113 27137867 27173023 25717563 28542993 28542993 28615742 28615742 29359790 29936641 29881511 30055621 29955602 30544573 31076480 3138159 31790584 32830389 32951440 33221389 33295171 33307105 33536116 33709847 33889401 3437967 34299360 34408212 34637812 34697034 35314926 35658984 36089241 36118920 36943595 37376101 37355280 37434090 37545929 37545929 37551805 37693406 37693406 37715992 37715992 37896708 38395110 38605558 38487696 38653339 39146774 38813203 40099516 40099516 40175032 40581200 40704817 41521370 40778163 41521370 41655718 42006409 42006409 42395249 43009433 4282443 43107090 43107090 43197786 43536971 43536971 43656442 43718329 43872589 44071530 44495362 44870630 44891013 45146729 45320573 43981682 45543559 46173988 45769398 39022188 46420414 47545300 47899785 47848549 47899785 48983308 48826350 49119455 49419686 49785243 49719724 50242199 51215349 50108870 51215349 5204467 51368099 52473889 52866886 52580118 5325841 53188891 53428689 54002944 53867153 54068030 54410347 54288463 54410347 54870866 56220661 56075847 56229473 56370184 56578785 57147570 57147570 57192269 57153718 57192269 57436562 5733434 57528064 58625834 58956276 58758711 59792844 60811138 60886851 59779392 61297850 60998295 6133607 6133607 61371689 61374959 61406245 61431783 61494774 61726441 61808089 63131429 61967128 63131429 63143290 63565696 63565696 63637020 63886761 64078515 64003633 65138931 65727590 65943192 65465722 6596816 6596816 66166605 66033918 68049124 66228920 68683765 68683765 68683765 69067313 69173053 69874902 69937028 70037035 68856775 70334086 70413264 71211445 70668172 7582516 7293924 8351491 8482806 890505 890505 919939 9355739 9378350 9497152 9771905 9771905 
START_DETAILED_MISSES
10288685 9
10278353 9
10356185 9
10446339 7
10610116 8
10464950 6
10610116 8
11217487 2
11217487 2
11175480 9
11569483 9
12670639 4
11539831 7
1277846 9
12891779 5
13871875 4
13632598 6
15754740 3
15796342 0
15356007 9
15919642 7
16220171 7
16379568 6
16379568 6
16548540 7
16576575 6
16403572 7
16846817 8
17132482 6
17332461 8
17566360 6
17684074 9
177270 8
17725426 11
17900274 10
18119225 9
18198587 8
19368990 3
19034184 9
19502787 6
20106795 3
20230097 8
19709223 6
20835590 8
20993973 9
21466910 6
21056172 7
22429475 10
22829210 8
21609844 9
23543070 9
23543070 9
23870737 6
24731510 8
23905966 12
24925153 7
2564065 6
25095125 8
26764113 8
26764113 8
27137867 8
27173023 7
25717563 8
28542993 9
28542993 9
28615742 6
28615742 6
29359790 8
29936641 3
29881511 6
30055621 7
29955602 9
30544573 6
31076480 8
3138159 4
31790584 9
32830389 6
32951440 9
33221389 8
33295171 6
33307105 8
33536116 6
33709847 9
33889401 4
3437967 6
34299360 6
34408212 9
34637812 8
34697034 6
35314926 6
35658984 6
36089241 8
36118920 5
36943595 6
37376101 7
37355280 6
37434090 6
37545929 8
37545929 8
37551805 10
37693406 8
37693406 8
37715992 8
37715992 8
37896708 9
38395110 9
38605558 9
38487696 8
38653339 8
39146774 6
38813203 10
40099516 6
40099516 6
40175032 10
40581200 8
40704817 6
41521370 6
40778163 10
41521370 6
41655718 7
42006409 8
42006409 8
42395249 8
43009433 9
4282443 8
43107090 6
43107090 6
43197786 8
43536971 7
43536971 7
43656442 5
43718329 6
43872589 9
44071530 7
44495362 6
44870630 8
44891013 6
45146729 6
45320573 9
43981682 14
45543559 6
46173988 7
45769398 7
39022188 9
46420414 11
47545300 3
47899785 6
47848549 8
47899785 6
48983308 6
48826350 6
49119455 8
49419686 9
49785243 6
49719724 8
50242199 8
51215349 8
50108870 6
51215349 8
5204467 8
51368099 7
52473889 9
52866886 8
52580118 7
5325841 7
53188891 9
53428689 6
54002944 6
53867153 8
54068030 6
54410347 6
54288463 6
54410347 6
54870866 6
56220661 6
56075847 6
56229473 8
56370184 8
56578785 9
57147570 7
57147570 7
57192269 4
57153718 6
57192269 4
57436562 5
5733434 9
57528064 8
58625834 7
58956276 6
58758711 9
59792844 6
60811138 6
60886851 9
59779392 6
61297850 8
60998295 7
6133607 8
6133607 8
61371689 6
61374959 4
61406245 7
61431783 6
61494774 9
61726441 7
61808089 5
63131429 6
61967128 9
63131429 6
63143290 6
63565696 8
63565696 8
63637020 6
63886761 9
64078515 11
64003633 12
65138931 6
65727590 7
65943192 5
65465722 8
6596816 8
6596816 8
66166605 3
66033918 6
68049124 6
66228920 3
68683765 8
68683765 8
68683765 8
69067313 11
69173053 9
69874902 7
69937028 8
70037035 6
68856775 7
70334086 7
70413264 6
71211445 9
70668172 8
7582516 8
7293924 6
8351491 6
8482806 11
890505 9
890505 9
919939 7
9355739 6
9378350 6
9497152 9
9771905 8
9771905 8
END_DETAILED_MISSES

 timeouts: 
START_DETAILED_TIMEOUTS
END_DETAILED_TIMEOUTS
END_METHOD
END_QUERY
WALL_CLOCK SMSD_QuerywiseParallel_Timeout 10408ms
