FMCS
id1 id2 size(1) size(2) overlapSize(1,2) timeInMillis
BEGIN_DATA
52790494 52790494 29 29 29 371
61561031 52790494 19 29 7 74
61561031 61561031 19 19 19 35
37285639 52790494 25 29 7 34
37285639 61561031 25 19 7 28
37285639 37285639 25 25 25 60
13041372 52790494 18 29 7 20
13041372 61561031 18 19 7 17
13041372 37285639 18 25 7 19
13041372 13041372 18 18 18 19
68742355 52790494 23 29 7 47
68742355 61561031 23 19 7 28
68742355 37285639 23 25 7 19
68742355 13041372 23 18 8 18
68742355 68742355 23 23 23 34
17679549 52790494 29 29 6 47
17679549 61561031 29 19 10 24
17679549 37285639 29 25 6 48
17679549 13041372 29 18 8 22
17679549 68742355 29 23 7 19
17679549 17679549 29 29 29 32
33039448 52790494 26 29 6 26
33039448 61561031 26 19 9 43
33039448 37285639 26 25 6 26
33039448 13041372 26 18 6 22
33039448 68742355 26 23 6 22
33039448 17679549 26 29 9 23
33039448 33039448 26 26 26 46
56075847 52790494 32 29 7 24
56075847 61561031 32 19 7 22
56075847 37285639 32 25 7 41
56075847 13041372 32 18 10 18
56075847 68742355 32 23 7 23
56075847 17679549 32 29 7 43
56075847 33039448 32 26 6 51
56075847 56075847 32 32 32 49
58685014 52790494 17 29 7 15
58685014 61561031 17 19 10 12
58685014 37285639 17 25 7 12
58685014 13041372 17 18 7 12
58685014 68742355 17 23 7 13
58685014 17679549 17 29 9 15
58685014 33039448 17 26 9 15
58685014 56075847 17 32 7 25
58685014 58685014 17 17 17 18
45094499 52790494 16 29 6 34
45094499 61561031 16 19 6 19
45094499 37285639 16 25 6 18
45094499 13041372 16 18 6 13
45094499 68742355 16 23 6 18
45094499 17679549 16 29 6 26
45094499 33039448 16 26 8 18
45094499 56075847 16 32 6 29
45094499 58685014 16 17 6 13
45094499 45094499 16 16 16 16
48826350 52790494 27 29 7 17
48826350 61561031 27 19 7 35
48826350 37285639 27 25 7 15
48826350 13041372 27 18 7 14
48826350 68742355 27 23 8 28
48826350 17679549 27 29 6 111
48826350 33039448 27 26 6 31
48826350 56075847 27 32 8 28
48826350 58685014 27 17 7 17
48826350 45094499 27 16 6 29
48826350 48826350 27 27 27 53
33554626 52790494 23 29 7 17
33554626 61561031 23 19 7 18
33554626 37285639 23 25 7 15
33554626 13041372 23 18 7 11
33554626 68742355 23 23 8 30
33554626 17679549 23 29 7 49
33554626 33039448 23 26 6 26
33554626 56075847 23 32 7 28
33554626 58685014 23 17 7 14
33554626 45094499 23 16 6 27
33554626 48826350 23 27 19 127
33554626 33554626 23 23 23 26
33709847 52790494 36 29 7 20
33709847 61561031 36 19 7 21
33709847 37285639 36 25 7 16
33709847 13041372 36 18 7 12
33709847 68742355 36 23 7 16
33709847 17679549 36 29 7 18
33709847 33039448 36 26 6 22
33709847 56075847 36 32 8 21
33709847 58685014 36 17 7 18
33709847 45094499 36 16 6 26
33709847 48826350 36 27 13 39
33709847 33554626 36 23 7 26
33709847 33709847 36 36 36 49
21960503 52790494 20 29 5 15
21960503 61561031 20 19 6 13
21960503 37285639 20 25 0 11
21960503 13041372 20 18 2 10
21960503 68742355 20 23 6 17
21960503 17679549 20 29 2 12
21960503 33039448 20 26 5 25
21960503 56075847 20 32 0 10
21960503 58685014 20 17 0 6
21960503 45094499 20 16 3 15
21960503 48826350 20 27 4 20
21960503 33554626 20 23 3 15
21960503 33709847 20 36 4 24
21960503 21960503 20 20 20 28
40242343 52790494 27 29 9 19
40242343 61561031 27 19 15 36
40242343 37285639 27 25 6 14
40242343 13041372 27 18 6 11
40242343 68742355 27 23 6 16
40242343 17679549 27 29 10 13
40242343 33039448 27 26 9 11
40242343 56075847 27 32 6 27
40242343 58685014 27 17 9 10
40242343 45094499 27 16 6 16
40242343 48826350 27 27 6 25
40242343 33554626 27 23 6 23
40242343 33709847 27 36 6 23
40242343 21960503 27 20 5 11
40242343 40242343 27 27 27 32
70334086 52790494 32 29 9 10
70334086 61561031 32 19 7 12
70334086 37285639 32 25 7 15
70334086 13041372 32 18 7 8
70334086 68742355 32 23 9 21
70334086 17679549 32 29 6 19
70334086 33039448 32 26 6 17
70334086 56075847 32 32 7 17
70334086 58685014 32 17 7 8
70334086 45094499 32 16 6 16
70334086 48826350 32 27 8 17
70334086 33554626 32 23 9 16
70334086 33709847 32 36 7 20
70334086 21960503 32 20 3 20
70334086 40242343 32 27 8 17
70334086 70334086 32 32 32 45
11772449 52790494 26 29 7 10
11772449 61561031 26 19 7 15
11772449 37285639 26 25 7 13
11772449 13041372 26 18 7 11
11772449 68742355 26 23 7 13
11772449 17679549 26 29 6 57
11772449 33039448 26 26 6 22
11772449 56075847 26 32 8 17
11772449 58685014 26 17 7 10
11772449 45094499 26 16 7 14
11772449 48826350 26 27 7 24
11772449 33554626 26 23 7 22
11772449 33709847 26 36 7 24
11772449 21960503 26 20 2 16
11772449 40242343 26 27 6 15
11772449 70334086 26 32 7 13
11772449 11772449 26 26 26 35
1185411 52790494 26 29 10 11
1185411 61561031 26 19 7 13
1185411 37285639 26 25 6 17
1185411 13041372 26 18 8 9
1185411 68742355 26 23 7 10
1185411 17679549 26 29 8 19
1185411 33039448 26 26 6 27
1185411 56075847 26 32 7 28
1185411 58685014 26 17 6 15
1185411 45094499 26 16 6 18
1185411 48826350 26 27 6 37
1185411 33554626 26 23 6 40
1185411 33709847 26 36 6 20
1185411 21960503 26 20 2 9
1185411 40242343 26 27 9 10
1185411 70334086 26 32 6 19
1185411 11772449 26 26 7 25
1185411 1185411 26 26 26 29
12891779 52790494 18 29 6 46
12891779 61561031 18 19 6 10
12891779 37285639 18 25 6 18
12891779 13041372 18 18 6 12
12891779 68742355 18 23 6 17
12891779 17679549 18 29 6 30
12891779 33039448 18 26 6 22
12891779 56075847 18 32 6 35
12891779 58685014 18 17 6 21
12891779 45094499 18 16 11 21
12891779 48826350 18 27 7 50
12891779 33554626 18 23 6 37
12891779 33709847 18 36 6 25
12891779 21960503 18 20 6 19
12891779 40242343 18 27 6 23
12891779 70334086 18 32 6 30
12891779 11772449 18 26 8 26
12891779 1185411 18 26 6 33
12891779 12891779 18 18 18 34
16523035 52790494 30 29 9 18
16523035 61561031 30 19 10 19
16523035 37285639 30 25 7 15
16523035 13041372 30 18 7 12
16523035 68742355 30 23 7 22
16523035 17679549 30 29 10 21
16523035 33039448 30 26 9 20
16523035 56075847 30 32 7 20
16523035 58685014 30 17 9 16
16523035 45094499 30 16 6 22
16523035 48826350 30 27 7 22
16523035 33554626 30 23 7 28
16523035 33709847 30 36 7 18
16523035 21960503 30 20 5 16
16523035 40242343 30 27 15 143
16523035 70334086 30 32 7 14
16523035 11772449 30 26 7 19
16523035 1185411 30 26 9 28
16523035 12891779 30 18 6 22
16523035 16523035 30 30 30 24
41013647 52790494 26 29 6 14
41013647 61561031 26 19 9 14
41013647 37285639 26 25 6 21
41013647 13041372 26 18 6 18
41013647 68742355 26 23 6 15
41013647 17679549 26 29 9 16
41013647 33039448 26 26 9 27
41013647 56075847 26 32 7 23
41013647 58685014 26 17 9 7
41013647 45094499 26 16 9 18
41013647 48826350 26 27 9 26
41013647 33554626 26 23 9 26
41013647 33709847 26 36 6 26
41013647 21960503 26 20 3 15
41013647 40242343 26 27 9 12
41013647 70334086 26 32 6 26
41013647 11772449 26 26 8 23
41013647 1185411 26 26 7 28
41013647 12891779 26 18 8 34
41013647 16523035 26 30 9 20
41013647 41013647 26 26 26 27
40099516 52790494 30 29 6 14
40099516 61561031 30 19 6 16
40099516 37285639 30 25 6 16
40099516 13041372 30 18 6 10
40099516 68742355 30 23 6 12
40099516 17679549 30 29 10 13
40099516 33039448 30 26 6 17
40099516 56075847 30 32 6 28
40099516 58685014 30 17 6 12
40099516 45094499 30 16 6 14
40099516 48826350 30 27 6 17
40099516 33554626 30 23 6 18
40099516 33709847 30 36 6 16
40099516 21960503 30 20 2 14
40099516 40242343 30 27 6 14
40099516 70334086 30 32 6 14
40099516 11772449 30 26 7 12
40099516 1185411 30 26 6 19
40099516 12891779 30 18 7 22
40099516 16523035 30 30 6 13
40099516 41013647 30 26 7 13
40099516 40099516 30 30 30 32
47478534 52790494 20 29 6 12
47478534 61561031 20 19 6 13
47478534 37285639 20 25 6 11
47478534 13041372 20 18 6 8
47478534 68742355 20 23 6 10
47478534 17679549 20 29 6 16
47478534 33039448 20 26 6 14
47478534 56075847 20 32 6 16
47478534 58685014 20 17 6 11
47478534 45094499 20 16 6 14
47478534 48826350 20 27 7 16
47478534 33554626 20 23 6 20
47478534 33709847 20 36 6 14
47478534 21960503 20 20 5 8
47478534 40242343 20 27 6 12
47478534 70334086 20 32 6 11
47478534 11772449 20 26 6 14
47478534 1185411 20 26 6 16
47478534 12891779 20 18 7 13
47478534 16523035 20 30 6 11
47478534 41013647 20 26 6 23
47478534 40099516 20 30 6 15
47478534 47478534 20 20 20 12
37707024 52790494 27 29 7 13
37707024 61561031 27 19 17 20
37707024 37285639 27 25 7 17
37707024 13041372 27 18 7 11
37707024 68742355 27 23 7 18
37707024 17679549 27 29 10 29
37707024 33039448 27 26 9 13
37707024 56075847 27 32 7 27
37707024 58685014 27 17 10 9
37707024 45094499 27 16 8 11
37707024 48826350 27 27 7 24
37707024 33554626 27 23 7 27
37707024 33709847 27 36 7 21
37707024 21960503 27 20 3 10
37707024 40242343 27 27 16 33
37707024 70334086 27 32 7 19
37707024 11772449 27 26 12 35
37707024 1185411 27 26 6 36
37707024 12891779 27 18 8 26
37707024 16523035 27 30 10 20
37707024 41013647 27 26 9 22
37707024 40099516 27 30 6 17
37707024 47478534 27 20 6 17
37707024 37707024 27 27 27 34
5370767 52790494 22 29 7 11
5370767 61561031 22 19 7 10
5370767 37285639 22 25 7 9
5370767 13041372 22 18 8 9
5370767 68742355 22 23 7 10
5370767 17679549 22 29 8 20
5370767 33039448 22 26 6 21
5370767 56075847 22 32 7 16
5370767 58685014 22 17 7 8
5370767 45094499 22 16 6 18
5370767 48826350 22 27 7 22
5370767 33554626 22 23 7 14
5370767 33709847 22 36 7 16
5370767 21960503 22 20 2 12
5370767 40242343 22 27 6 19
5370767 70334086 22 32 7 11
5370767 11772449 22 26 9 26
5370767 1185411 22 26 12 19
5370767 12891779 22 18 7 34
5370767 16523035 22 30 7 16
5370767 41013647 22 26 7 25
5370767 40099516 22 30 7 9
5370767 47478534 22 20 6 14
5370767 37707024 22 27 7 24
5370767 5370767 22 22 22 24
33307105 52790494 25 29 6 10
33307105 61561031 25 19 10 9
33307105 37285639 25 25 6 14
33307105 13041372 25 18 8 10
33307105 68742355 25 23 7 8
33307105 17679549 25 29 10 11
33307105 33039448 25 26 9 10
33307105 56075847 25 32 7 18
33307105 58685014 25 17 9 8
33307105 45094499 25 16 6 11
33307105 48826350 25 27 6 17
33307105 33554626 25 23 6 16
33307105 33709847 25 36 6 17
33307105 21960503 25 20 2 13
33307105 40242343 25 27 11 8
33307105 70334086 25 32 6 16
33307105 11772449 25 26 6 16
33307105 1185411 25 26 8 10
33307105 12891779 25 18 6 14
33307105 16523035 25 30 10 11
33307105 41013647 25 26 9 11
33307105 40099516 25 30 6 11
33307105 47478534 25 20 6 11
33307105 37707024 25 27 10 12
33307105 5370767 25 22 8 8
33307105 33307105 25 25 25 12
30129100 52790494 30 29 7 12
30129100 61561031 30 19 7 12
30129100 37285639 30 25 7 8
30129100 13041372 30 18 8 12
30129100 68742355 30 23 7 14
30129100 17679549 30 29 8 19
30129100 33039448 30 26 6 17
30129100 56075847 30 32 7 14
30129100 58685014 30 17 7 10
30129100 45094499 30 16 6 19
30129100 48826350 30 27 8 18
30129100 33554626 30 23 8 16
30129100 33709847 30 36 7 15
30129100 21960503 30 20 4 6
30129100 40242343 30 27 6 21
30129100 70334086 30 32 7 10
30129100 11772449 30 26 7 28
30129100 1185411 30 26 8 17
30129100 12891779 30 18 6 24
30129100 16523035 30 30 7 13
30129100 41013647 30 26 6 53
30129100 40099516 30 30 6 15
30129100 47478534 30 20 6 15
30129100 37707024 30 27 7 27
30129100 5370767 30 22 8 18
30129100 33307105 30 25 8 13
30129100 30129100 30 30 30 31
58694713 52790494 36 29 7 15
58694713 61561031 36 19 9 19
58694713 37285639 36 25 7 16
58694713 13041372 36 18 7 10
58694713 68742355 36 23 7 16
58694713 17679549 36 29 9 83
58694713 33039448 36 26 9 16
58694713 56075847 36 32 9 23
58694713 58685014 36 17 9 14
58694713 45094499 36 16 6 22
58694713 48826350 36 27 7 27
58694713 33554626 36 23 7 25
58694713 33709847 36 36 8 18
58694713 21960503 36 20 5 12
58694713 40242343 36 27 9 16
58694713 70334086 36 32 7 17
58694713 11772449 36 26 7 23
58694713 1185411 36 26 7 17
58694713 12891779 36 18 6 29
58694713 16523035 36 30 9 23
58694713 41013647 36 26 9 30
58694713 40099516 36 30 6 21
58694713 47478534 36 20 6 19
58694713 37707024 36 27 10 39
58694713 5370767 36 22 7 18
58694713 33307105 36 25 9 16
58694713 30129100 36 30 7 26
58694713 58694713 36 36 36 59
58694713 52790494 36 29 7 16
58694713 61561031 36 19 9 18
58694713 37285639 36 25 7 16
58694713 13041372 36 18 7 11
58694713 68742355 36 23 7 15
58694713 17679549 36 29 9 22
58694713 33039448 36 26 9 16
58694713 56075847 36 32 9 25
58694713 58685014 36 17 9 12
58694713 45094499 36 16 6 21
58694713 48826350 36 27 7 25
58694713 33554626 36 23 7 18
58694713 33709847 36 36 8 12
58694713 21960503 36 20 5 11
58694713 40242343 36 27 9 9
58694713 70334086 36 32 7 14
58694713 11772449 36 26 7 20
58694713 1185411 36 26 7 18
58694713 12891779 36 18 6 28
58694713 16523035 36 30 9 15
58694713 41013647 36 26 9 26
58694713 40099516 36 30 6 20
58694713 47478534 36 20 6 16
58694713 37707024 36 27 10 35
58694713 5370767 36 22 7 18
58694713 33307105 36 25 9 19
58694713 30129100 36 30 7 27
58694713 58694713 36 36 36 51
58694713 58694713 36 36 36 45
55065205 52790494 19 29 10 7
55065205 61561031 19 19 6 8
55065205 37285639 19 25 6 9
55065205 13041372 19 18 8 5
55065205 68742355 19 23 7 5
55065205 17679549 19 29 8 6
55065205 33039448 19 26 6 12
55065205 56075847 19 32 6 8
55065205 58685014 19 17 6 6
55065205 45094499 19 16 6 9
55065205 48826350 19 27 6 9
55065205 33554626 19 23 6 10
55065205 33709847 19 36 6 9
55065205 21960503 19 20 3 3
55065205 40242343 19 27 9 5
55065205 70334086 19 32 6 7
55065205 11772449 19 26 6 10
55065205 1185411 19 26 10 9
55065205 12891779 19 18 6 13
55065205 16523035 19 30 9 11
55065205 41013647 19 26 6 13
55065205 40099516 19 30 6 6
55065205 47478534 19 20 6 5
55065205 37707024 19 27 6 13
55065205 5370767 19 22 8 6
55065205 33307105 19 25 8 6
55065205 30129100 19 30 8 11
55065205 58694713 19 36 6 15
55065205 58694713 19 36 6 16
55065205 55065205 19 19 19 19
END_DATA
