Compressing approximatley 249 molecules.

---
43718329 30055621
13 13
1 1
14 14

---
19034184 20993973
14 14
2 2
16 16

---
18119225 45146729
16 17
3 2
19 19

---
19034184 10356185
14 14
2 2
16 16

---
5325841 3138159
5 3
1 3
6 6

---
30544573 49119455
19 19
4 4
23 23

---
54410347 44891013
6 6
0 0
6 6

---
51215349 60811138
8 8
3 3
11 11

---
54410347 69173053
6 6
0 0
6 6

---
23543070 23543070
30 30
5 5
35 35

---
54410347 35314926
6 6
0 0
6 6

---
43718329 31076480
13 13
1 1
14 14

---
61374959 65727590
4 2
1 3
5 5

---
61374959 13871875
4 4
1 1
5 5

---
5325841 61726441
5 5
1 1
6 6

---
43718329 43107090
13 13
1 1
14 14

---
54410347 54410347
6 6
0 0
6 6

---
54410347 28615742
6 6
0 0
6 6

---
54410347 10610116
6 6
0 0
6 6

---
28542993 42006409
19 18
4 5
23 23

---
43718329 43107090
13 13
1 1
14 14

---
63565696 44071530
11 9
1 3
12 12

---
40099516 40099516
18 18
7 7
25 25

---
19034184 1277846
14 15
2 1
16 16

---
37355280 47848549
16 16
2 2
18 18

---
33221389 43009433
15 15
5 5
20 20

---
6133607 6133607
19 19
2 2
21 21

---
12670639 68049124
5 5
0 0
5 5

---
51215349 51215349
8 8
3 3
11 11

---
63131429 63131429
12 12
3 3
15 15

---
6596816 6596816
27 27
4 4
31 31

---
47899785 47899785
19 19
3 3
22 22

---
63565696 68683765
11 10
1 2
12 12

---
37693406 37693406
16 16
2 2
18 18

---
56229473 34637812
17 16
3 4
20 20

---
43718329 61406245
13 13
1 1
14 14

---
54410347 10610116
6 6
0 0
6 6

---
63565696 27173023
11 10
1 2
12 12

---
54410347 2564065
6 6
0 0
6 6

---
9771905 9771905
18 18
4 4
22 22

---
64003633 43536971
9 9
1 1
10 10

---
64003633 9497152
9 9
1 1
10 10

---
63565696 68683765
11 10
1 2
12 12

---
54410347 34697034
6 6
0 0
6 6

---
41521370 41521370
12 12
1 1
13 13

---
63565696 63565696
11 11
1 1
12 12

---
5325841 36943595
5 4
1 2
6 6

---
37715992 37715992
16 16
3 3
19 19

---
54410347 45320573
6 6
0 0
6 6

---
54410347 21466910
6 6
0 0
6 6

---
54410347 60886851
6 6
0 0
6 6

---
54410347 63886761
6 6
0 0
6 6

---
28542993 28542993
19 19
4 4
23 23

---
63565696 68683765
11 10
1 2
12 12

---
57147570 69937028
17 17
0 0
17 17

---
54410347 54870866
6 6
0 0
6 6

---
64003633 43536971
9 9
1 1
10 10

---
54410347 46173988
6 6
0 0
6 6

---
54410347 10464950
6 6
0 0
6 6

---
11217487 11217487
3 3
1 1
4 4

---
28542993 42006409
19 18
4 5
23 23

---
54410347 28615742
6 6
0 0
6 6

---
39146774 57436562
6 7
3 2
9 9

---
16379568 16379568
10 10
2 2
12 12

---
43718329 37896708
13 12
1 2
14 14

---
61374959 57192269
4 2
1 3
5 5

---
58625834 11175480
10 10
0 0
10 10

---
890505 890505
16 16
2 2
18 18

---
43718329 60998295
13 13
1 1
14 14

---
43718329 8482806
13 12
1 2
14 14

---
70037035 70413264
9 10
2 1
11 11

---
54410347 57153718
6 6
0 0
6 6

---
61374959 57192269
4 2
1 3
5 5

---
5325841 61808089
5 3
1 3
6 6

---
15754740 29936641
4 7
6 3
10 10

---
26764113 26764113
19 19
2 2
21 21

---
54410347 20230097
6 6
0 0
6 6

---
61371689 13632598
9 10
2 1
11 11

---
57147570 57147570
17 17
0 0
17 17

---
37545929 37545929
21 21
3 3
24 24

Writing database... Done.
Shutting down threads... Done.
Total number of molecules: 249
Total number of representatives: 170
