Compressing approximatley 249 molecules.

---
43718329 30055621
14 14

---
64078515 63565696
12 12

---
19034184 20993973
16 16

---
18119225 45146729
19 19

---
61374959 12670639
5 5

---
19034184 10356185
16 16

---
5325841 54410347
6 6

---
5325841 3138159
6 6

---
30544573 49119455
23 23

---
5325841 44891013
6 6

---
51215349 60811138
11 11

---
5325841 69173053
6 6

---
23543070 23543070
35 35

---
5325841 35314926
6 6

---
43718329 31076480
14 14

---
61374959 65727590
5 5

---
61374959 13871875
5 5

---
5325841 61726441
6 6

---
51215349 70037035
11 11

---
43718329 43197786
14 14

---
43718329 43107090
14 14

---
5325841 54410347
6 6

---
5325841 28615742
6 6

---
5325841 10610116
6 6

---
28542993 42006409
23 23

---
43718329 43107090
14 14

---
64078515 44071530
12 12

---
40099516 40099516
25 25

---
19034184 1277846
16 16

---
37355280 47848549
18 18

---
33221389 43009433
20 20

---
6133607 6133607
21 21

---
61374959 68049124
5 5

---
51215349 51215349
11 11

---
63131429 63131429
15 15

---
6596816 6596816
31 31

---
47899785 47899785
22 22

---
64078515 68683765
12 12

---
37693406 37693406
18 18

---
56229473 34637812
20 20

---
43718329 61406245
14 14

---
5325841 10610116
6 6

---
64078515 27173023
12 12

---
5325841 2564065
6 6

---
9771905 9771905
22 22

---
64003633 43536971
10 10

---
64003633 9497152
10 10

---
51215349 61371689
11 11

---
64078515 68683765
12 12

---
5325841 34697034
6 6

---
41521370 41521370
13 13

---
64078515 63565696
12 12

---
5325841 36943595
6 6

---
37715992 37715992
19 19

---
5325841 45320573
6 6

---
5325841 21466910
6 6

---
41521370 61297850
13 13

---
65138931 66033918
14 14

---
5325841 60886851
6 6

---
41521370 54288463
13 13

---
5325841 63886761
6 6

---
28542993 28542993
23 23

---
64078515 68683765
12 12

---
48826350 37551805
24 24

---
57147570 69937028
17 17

---
37693406 56578785
18 18

---
5325841 54870866
6 6

---
64003633 43536971
10 10

---
5325841 46173988
6 6

---
37355280 31790584
18 18

---
5325841 10464950
6 6

---
11217487 11217487
4 4

---
28542993 42006409
23 23

---
5325841 28615742
6 6

---
39146774 57436562
9 9

---
16379568 16379568
12 12

---
43718329 37896708
14 14

---
64003633 58625834
10 10

---
61374959 57192269
5 5

---
64003633 11175480
10 10

---
890505 890505
18 18

---
54068030 34408212
19 19

---
43718329 60998295
14 14

---
43718329 8482806
14 14

---
51215349 70413264
11 11

---
5325841 57153718
6 6

---
61374959 57192269
5 5

---
5325841 61808089
6 6

---
15754740 29936641
10 10

---
26764113 26764113
21 21

---
5325841 20230097
6 6

---
51215349 13632598
11 11

---
57147570 57147570
17 17

---
37545929 37545929
24 24

Writing database... Done.
Shutting down threads... Done.
Total number of molecules: 249
Total number of representatives: 156
