fine_threshold: 0.9 coarse_threshold: 0.9
Ammolite Database Info
Database Name: 250_random_molecules
Database version: AMMOLITE_GENERIC_DATABASE_0_0_0
This database has been organized.
Number of molecules: 250
Number of representatives: 156
Compression Type: CYCLIC
Number of source files: 156
Description: temp
START_QUERY 52790494
START_METHOD SMSD_QuerywiseParallel
time: 6445
matches: 
 misses: 10278353 10288685 10446339 11217487 11539831 11569483 12891779 15356007 15754740 29936641 15796342 15919642 16220171 16379568 16403572 16548540 16576575 16846817 17132482 17332461 17566360 17684074 17725426 177270 17900274 18119225 45146729 18198587 19034184 10356185 20993973 1277846 19368990 19502787 19709223 20106795 20835590 21056172 21609844 22429475 22829210 23543070 23870737 23905966 24731510 24925153 25095125 25717563 26764113 27137867 28542993 42006409 29359790 29881511 29955602 30544573 49119455 32830389 32951440 33221389 43009433 33295171 33307105 33536116 33709847 33889401 34299360 3437967 35658984 36089241 36118920 31790584 37355280 47848549 37376101 37434090 37545929 37693406 56578785 37715992 38395110 38487696 38605558 38653339 38813203 39022188 39146774 57436562 40099516 40175032 40581200 40704817 40778163 54288463 61297850 41521370 41655718 42395249 4282443 43656442 43197786 37896708 30055621 43107090 43718329 60998295 31076480 8482806 61406245 43872589 43981682 44495362 44870630 45543559 45769398 46420414 47545300 47899785 48826350 37551805 48983308 49419686 49719724 49785243 50108870 50242199 70413264 13632598 51215349 61371689 60811138 70037035 51368099 5204467 52473889 52580118 52866886 53188891 20230097 63886761 45320573 46173988 57153718 54410347 44891013 28615742 54870866 60886851 35314926 61808089 10610116 10464950 61726441 3138159 2564065 36943595 21466910 69173053 34697034 5325841 53428689 53867153 54002944 54068030 34408212 56075847 56220661 56229473 34637812 56370184 57147570 69937028 5733434 57528064 58758711 58956276 59779392 59792844 6133607 57192269 65727590 13871875 12670639 68049124 61374959 61431783 61494774 61967128 63131429 63143290 63637020 64003633 43536971 9497152 58625834 11175480 68683765 63565696 64078515 27173023 44071530 65138931 66033918 65465722 65943192 6596816 66166605 66228920 68856775 69067313 69874902 70334086 70668172 71211445 7293924 7582516 8351491 890505 919939 9355739 9378350 9771905 
START_DETAILED_MATCHES
END_DETAILED_MATCHES

START_DETAILED_MISSES
10278353 9
10288685 9
10446339 7
11217487 2
11539831 6
11569483 12
12891779 4
15356007 6
15754740 4
29936641 4
15796342 2
15919642 7
16220171 7
16379568 7
16403572 7
16548540 6
16576575 11
16846817 7
17132482 6
17332461 7
17566360 7
17684074 7
17725426 14
177270 7
17900274 6
18119225 7
45146729 6
18198587 6
19034184 7
10356185 6
20993973 7
1277846 7
19368990 7
19502787 7
19709223 7
20106795 3
20835590 6
21056172 7
21609844 9
22429475 6
22829210 7
23543070 6
23870737 6
23905966 7
24731510 7
24925153 7
25095125 7
25717563 6
26764113 6
27137867 7
28542993 7
42006409 7
29359790 5
29881511 9
29955602 7
30544573 10
49119455 9
32830389 7
32951440 9
33221389 6
43009433 7
33295171 7
33307105 6
33536116 6
33709847 7
33889401 4
34299360 6
3437967 6
35658984 6
36089241 7
36118920 5
31790584 7
37355280 12
47848549 9
37376101 6
37434090 9
37545929 11
37693406 7
56578785 7
37715992 7
38395110 12
38487696 7
38605558 8
38653339 6
38813203 7
39022188 6
39146774 3
57436562 7
40099516 6
40175032 6
40581200 9
40704817 9
40778163 8
54288463 7
61297850 7
41521370 7
41655718 7
42395249 8
4282443 7
43656442 4
43197786 7
37896708 10
30055621 6
43107090 7
43718329 7
60998295 7
31076480 6
8482806 10
61406245 6
43872589 14
43981682 9
44495362 6
44870630 9
45543559 7
45769398 7
46420414 12
47545300 5
47899785 10
48826350 7
37551805 11
48983308 6
49419686 11
49719724 8
49785243 6
50108870 8
50242199 8
70413264 6
13632598 6
51215349 6
61371689 6
60811138 6
70037035 6
51368099 7
5204467 7
52473889 7
52580118 10
52866886 6
53188891 6
20230097 7
63886761 13
45320573 7
46173988 6
57153718 6
54410347 7
44891013 7
28615742 6
54870866 7
60886851 6
35314926 7
61808089 4
10610116 6
10464950 6
61726441 7
3138159 3
2564065 7
36943595 5
21466910 6
69173053 6
34697034 7
5325841 6
53428689 7
53867153 7
54002944 4
54068030 7
34408212 10
56075847 9
56220661 6
56229473 9
34637812 6
56370184 7
57147570 6
69937028 7
5733434 10
57528064 6
58758711 7
58956276 6
59779392 6
59792844 7
6133607 6
57192269 0
65727590 4
13871875 0
12670639 2
68049124 3
61374959 5
61431783 6
61494774 7
61967128 6
63131429 10
63143290 8
63637020 4
64003633 12
43536971 6
9497152 7
58625834 6
11175480 7
68683765 6
63565696 7
64078515 6
27173023 6
44071530 6
65138931 7
66033918 7
65465722 6
65943192 5
6596816 6
66166605 4
66228920 5
68856775 9
69067313 6
69874902 7
70334086 9
70668172 7
71211445 6
7293924 8
7582516 7
8351491 6
890505 6
919939 6
9355739 6
9378350 7
9771905 8
END_DETAILED_MISSES
END_METHOD
END_QUERY
START_QUERY 61561031
START_METHOD SMSD_QuerywiseParallel
time: 3226
matches: 
 misses: 10278353 10288685 10446339 11217487 11539831 11569483 12891779 15356007 15754740 29936641 15796342 15919642 16220171 16379568 16403572 16548540 16576575 16846817 17132482 17332461 17566360 17684074 17725426 177270 17900274 18119225 45146729 18198587 19034184 10356185 20993973 1277846 19368990 19502787 19709223 20106795 20835590 21056172 21609844 22429475 22829210 23543070 23870737 23905966 24731510 24925153 25095125 25717563 26764113 27137867 28542993 42006409 29359790 29881511 29955602 30544573 49119455 32830389 32951440 33221389 43009433 33295171 33307105 33536116 33709847 33889401 34299360 3437967 35658984 36089241 36118920 31790584 37355280 47848549 37376101 37434090 37545929 37693406 56578785 37715992 38395110 38487696 38605558 38653339 38813203 39022188 39146774 57436562 40099516 40175032 40581200 40704817 40778163 54288463 61297850 41521370 41655718 42395249 4282443 43656442 43197786 37896708 30055621 43107090 43718329 60998295 31076480 8482806 61406245 43872589 43981682 44495362 44870630 45543559 45769398 46420414 47545300 47899785 48826350 37551805 48983308 49419686 49719724 49785243 50108870 50242199 70413264 13632598 51215349 61371689 60811138 70037035 51368099 5204467 52473889 52580118 52866886 53188891 20230097 63886761 45320573 46173988 57153718 54410347 44891013 28615742 54870866 60886851 35314926 61808089 10610116 10464950 61726441 3138159 2564065 36943595 21466910 69173053 34697034 5325841 53428689 53867153 54002944 54068030 34408212 56075847 56220661 56229473 34637812 56370184 57147570 69937028 5733434 57528064 58758711 58956276 59779392 59792844 6133607 57192269 65727590 13871875 12670639 68049124 61374959 61431783 61494774 61967128 63131429 63143290 63637020 64003633 43536971 9497152 58625834 11175480 68683765 63565696 64078515 27173023 44071530 65138931 66033918 65465722 65943192 6596816 66166605 66228920 68856775 69067313 69874902 70334086 70668172 71211445 7293924 7582516 8351491 890505 919939 9355739 9378350 9771905 
START_DETAILED_MATCHES
END_DETAILED_MATCHES

START_DETAILED_MISSES
10278353 9
10288685 6
10446339 6
11217487 2
11539831 6
11569483 8
12891779 5
15356007 6
15754740 0
29936641 2
15796342 2
15919642 7
16220171 7
16379568 7
16403572 7
16548540 6
16576575 7
16846817 10
17132482 6
17332461 7
17566360 7
17684074 7
17725426 7
177270 7
17900274 6
18119225 7
45146729 8
18198587 6
19034184 6
10356185 6
20993973 7
1277846 10
19368990 4
19502787 7
19709223 7
20106795 6
20835590 7
21056172 7
21609844 6
22429475 10
22829210 7
23543070 6
23870737 8
23905966 7
24731510 7
24925153 7
25095125 10
25717563 10
26764113 9
27137867 7
28542993 7
42006409 7
29359790 5
29881511 7
29955602 6
30544573 7
49119455 10
32830389 7
32951440 6
33221389 9
43009433 10
33295171 10
33307105 10
33536116 6
33709847 7
33889401 4
34299360 6
3437967 6
35658984 10
36089241 9
36118920 8
31790584 7
37355280 7
47848549 7
37376101 10
37434090 7
37545929 7
37693406 7
56578785 7
37715992 11
38395110 7
38487696 7
38605558 6
38653339 6
38813203 10
39022188 6
39146774 4
57436562 4
40099516 8
40175032 6
40581200 7
40704817 7
40778163 7
54288463 7
61297850 7
41521370 7
41655718 7
42395249 6
4282443 7
43656442 4
43197786 7
37896708 7
30055621 9
43107090 7
43718329 9
60998295 7
31076480 10
8482806 7
61406245 9
43872589 10
43981682 6
44495362 9
44870630 9
45543559 7
45769398 11
46420414 7
47545300 4
47899785 7
48826350 7
37551805 7
48983308 9
49419686 7
49719724 6
49785243 6
50108870 11
50242199 11
70413264 6
13632598 10
51215349 6
61371689 5
60811138 7
70037035 5
51368099 8
5204467 7
52473889 7
52580118 7
52866886 9
53188891 6
20230097 7
63886761 7
45320573 7
46173988 6
57153718 6
54410347 7
44891013 7
28615742 7
54870866 7
60886851 7
35314926 7
61808089 3
10610116 7
10464950 6
61726441 6
3138159 2
2564065 11
36943595 3
21466910 7
69173053 6
34697034 11
5325841 5
53428689 7
53867153 7
54002944 5
54068030 7
34408212 9
56075847 7
56220661 6
56229473 7
34637812 6
56370184 7
57147570 6
69937028 7
5733434 7
57528064 6
58758711 7
58956276 7
59779392 7
59792844 7
6133607 6
57192269 3
65727590 2
13871875 4
12670639 5
68049124 5
61374959 4
61431783 10
61494774 7
61967128 6
63131429 6
63143290 5
63637020 5
64003633 6
43536971 7
9497152 7
58625834 8
11175480 7
68683765 6
63565696 7
64078515 6
27173023 7
44071530 5
65138931 7
66033918 7
65465722 9
65943192 4
6596816 6
66166605 3
66228920 4
68856775 7
69067313 6
69874902 7
70334086 7
70668172 7
71211445 6
7293924 7
7582516 7
8351491 10
890505 6
919939 7
9355739 10
9378350 2
9771905 6
END_DETAILED_MISSES
END_METHOD
END_QUERY
START_QUERY 37285639
START_METHOD SMSD_QuerywiseParallel
time: 3377
matches: 
 misses: 10278353 10288685 10446339 11217487 11539831 11569483 12891779 15356007 15754740 29936641 15796342 15919642 16220171 16379568 16403572 16548540 16576575 16846817 17132482 17332461 17566360 17684074 17725426 177270 17900274 18119225 45146729 18198587 19034184 10356185 20993973 1277846 19368990 19502787 19709223 20106795 20835590 21056172 21609844 22429475 22829210 23543070 23870737 23905966 24731510 24925153 25095125 25717563 26764113 27137867 28542993 42006409 29359790 29881511 29955602 30544573 49119455 32830389 32951440 33221389 43009433 33295171 33307105 33536116 33709847 33889401 34299360 3437967 35658984 36089241 36118920 31790584 37355280 47848549 37376101 37434090 37545929 37693406 56578785 37715992 38395110 38487696 38605558 38653339 38813203 39022188 39146774 57436562 40099516 40175032 40581200 40704817 40778163 54288463 61297850 41521370 41655718 42395249 4282443 43656442 43197786 37896708 30055621 43107090 43718329 60998295 31076480 8482806 61406245 43872589 43981682 44495362 44870630 45543559 45769398 46420414 47545300 47899785 48826350 37551805 48983308 49419686 49719724 49785243 50108870 50242199 70413264 13632598 51215349 61371689 60811138 70037035 51368099 5204467 52473889 52580118 52866886 53188891 20230097 63886761 45320573 46173988 57153718 54410347 44891013 28615742 54870866 60886851 35314926 61808089 10610116 10464950 61726441 3138159 2564065 36943595 21466910 69173053 34697034 5325841 53428689 53867153 54002944 54068030 34408212 56075847 56220661 56229473 34637812 56370184 57147570 69937028 5733434 57528064 58758711 58956276 59779392 59792844 6133607 57192269 65727590 13871875 12670639 68049124 61374959 61431783 61494774 61967128 63131429 63143290 63637020 64003633 43536971 9497152 58625834 11175480 68683765 63565696 64078515 27173023 44071530 65138931 66033918 65465722 65943192 6596816 66166605 66228920 68856775 69067313 69874902 70334086 70668172 71211445 7293924 7582516 8351491 890505 919939 9355739 9378350 9771905 
START_DETAILED_MATCHES
END_DETAILED_MATCHES

START_DETAILED_MISSES
10278353 6
10288685 6
10446339 6
11217487 0
11539831 6
11569483 7
12891779 4
15356007 6
15754740 0
29936641 2
15796342 0
15919642 7
16220171 7
16379568 10
16403572 7
16548540 6
16576575 7
16846817 7
17132482 5
17332461 7
17566360 7
17684074 7
17725426 7
177270 7
17900274 6
18119225 7
45146729 6
18198587 6
19034184 6
10356185 6
20993973 7
1277846 7
19368990 0
19502787 11
19709223 7
20106795 5
20835590 6
21056172 7
21609844 6
22429475 6
22829210 7
23543070 6
23870737 6
23905966 7
24731510 7
24925153 7
25095125 7
25717563 6
26764113 6
27137867 7
28542993 7
42006409 7
29359790 5
29881511 7
29955602 6
30544573 7
49119455 7
32830389 7
32951440 6
33221389 5
43009433 7
33295171 7
33307105 6
33536116 6
33709847 7
33889401 5
34299360 6
3437967 6
35658984 11
36089241 7
36118920 7
31790584 7
37355280 7
47848549 7
37376101 6
37434090 7
37545929 7
37693406 7
56578785 7
37715992 7
38395110 7
38487696 7
38605558 6
38653339 6
38813203 7
39022188 6
39146774 5
57436562 4
40099516 6
40175032 6
40581200 7
40704817 7
40778163 7
54288463 7
61297850 6
41521370 7
41655718 11
42395249 6
4282443 7
43656442 5
43197786 7
37896708 6
30055621 6
43107090 7
43718329 7
60998295 7
31076480 6
8482806 6
61406245 6
43872589 7
43981682 6
44495362 6
44870630 7
45543559 7
45769398 7
46420414 7
47545300 0
47899785 7
48826350 7
37551805 7
48983308 6
49419686 7
49719724 6
49785243 6
50108870 7
50242199 7
70413264 6
13632598 6
51215349 6
61371689 5
60811138 6
70037035 6
51368099 7
5204467 7
52473889 7
52580118 7
52866886 6
53188891 6
20230097 7
63886761 6
45320573 7
46173988 6
57153718 6
54410347 7
44891013 7
28615742 6
54870866 7
60886851 6
35314926 7
61808089 2
10610116 6
10464950 6
61726441 6
3138159 0
2564065 7
36943595 2
21466910 6
69173053 6
34697034 7
5325841 5
53428689 7
53867153 7
54002944 5
54068030 7
34408212 7
56075847 7
56220661 6
56229473 7
34637812 6
56370184 7
57147570 6
69937028 7
5733434 7
57528064 6
58758711 7
58956276 6
59779392 6
59792844 7
6133607 6
57192269 4
65727590 4
13871875 5
12670639 5
68049124 5
61374959 6
61431783 6
61494774 7
61967128 6
63131429 6
63143290 5
63637020 5
64003633 6
43536971 6
9497152 7
58625834 6
11175480 7
68683765 5
63565696 7
64078515 6
27173023 6
44071530 5
65138931 7
66033918 7
65465722 6
65943192 6
6596816 6
66166605 0
66228920 2
68856775 7
69067313 6
69874902 7
70334086 7
70668172 7
71211445 6
7293924 7
7582516 9
8351491 6
890505 6
919939 6
9355739 6
9378350 5
9771905 6
END_DETAILED_MISSES
END_METHOD
END_QUERY
START_QUERY 13041372
START_METHOD SMSD_QuerywiseParallel
time: 2845
matches: 
 misses: 10278353 10288685 10446339 11217487 11539831 11569483 12891779 15356007 15754740 29936641 15796342 15919642 16220171 16379568 16403572 16548540 16576575 16846817 17132482 17332461 17566360 17684074 17725426 177270 17900274 18119225 45146729 18198587 19034184 10356185 20993973 1277846 19368990 19502787 19709223 20106795 20835590 21056172 21609844 22429475 22829210 23543070 23870737 23905966 24731510 24925153 25095125 25717563 26764113 27137867 28542993 42006409 29359790 29881511 29955602 30544573 49119455 32830389 32951440 33221389 43009433 33295171 33307105 33536116 33709847 33889401 34299360 3437967 35658984 36089241 36118920 31790584 37355280 47848549 37376101 37434090 37545929 37693406 56578785 37715992 38395110 38487696 38605558 38653339 38813203 39022188 39146774 57436562 40099516 40175032 40581200 40704817 40778163 54288463 61297850 41521370 41655718 42395249 4282443 43656442 43197786 37896708 30055621 43107090 43718329 60998295 31076480 8482806 61406245 43872589 43981682 44495362 44870630 45543559 45769398 46420414 47545300 47899785 48826350 37551805 48983308 49419686 49719724 49785243 50108870 50242199 70413264 13632598 51215349 61371689 60811138 70037035 51368099 5204467 52473889 52580118 52866886 53188891 20230097 63886761 45320573 46173988 57153718 54410347 44891013 28615742 54870866 60886851 35314926 61808089 10610116 10464950 61726441 3138159 2564065 36943595 21466910 69173053 34697034 5325841 53428689 53867153 54002944 54068030 34408212 56075847 56220661 56229473 34637812 56370184 57147570 69937028 5733434 57528064 58758711 58956276 59779392 59792844 6133607 57192269 65727590 13871875 12670639 68049124 61374959 61431783 61494774 61967128 63131429 63143290 63637020 64003633 43536971 9497152 58625834 11175480 68683765 63565696 64078515 27173023 44071530 65138931 66033918 65465722 65943192 6596816 66166605 66228920 68856775 69067313 69874902 70334086 70668172 71211445 7293924 7582516 8351491 890505 919939 9355739 9378350 9771905 
START_DETAILED_MATCHES
END_DETAILED_MATCHES

START_DETAILED_MISSES
10278353 8
10288685 6
10446339 6
11217487 2
11539831 7
11569483 11
12891779 4
15356007 6
15754740 0
29936641 2
15796342 2
15919642 7
16220171 8
16379568 7
16403572 8
16548540 7
16576575 11
16846817 8
17132482 5
17332461 9
17566360 7
17684074 10
17725426 10
177270 9
17900274 7
18119225 9
45146729 6
18198587 10
19034184 8
10356185 9
20993973 11
1277846 10
19368990 5
19502787 7
19709223 7
20106795 3
20835590 6
21056172 7
21609844 6
22429475 8
22829210 10
23543070 6
23870737 6
23905966 10
24731510 9
24925153 8
25095125 7
25717563 6
26764113 10
27137867 9
28542993 8
42006409 12
29359790 4
29881511 10
29955602 6
30544573 11
49119455 12
32830389 7
32951440 6
33221389 5
43009433 7
33295171 7
33307105 8
33536116 6
33709847 7
33889401 4
34299360 6
3437967 6
35658984 6
36089241 9
36118920 4
31790584 11
37355280 11
47848549 11
37376101 6
37434090 10
37545929 11
37693406 7
56578785 7
37715992 7
38395110 10
38487696 7
38605558 6
38653339 8
38813203 7
39022188 10
39146774 2
57436562 5
40099516 6
40175032 6
40581200 12
40704817 10
40778163 12
54288463 7
61297850 8
41521370 7
41655718 7
42395249 9
4282443 9
43656442 4
43197786 9
37896708 6
30055621 7
43107090 7
43718329 7
60998295 8
31076480 8
8482806 8
61406245 7
43872589 9
43981682 6
44495362 6
44870630 10
45543559 7
45769398 7
46420414 11
47545300 4
47899785 11
48826350 7
37551805 7
48983308 6
49419686 7
49719724 6
49785243 6
50108870 7
50242199 8
70413264 6
13632598 6
51215349 10
61371689 5
60811138 6
70037035 6
51368099 7
5204467 10
52473889 8
52580118 11
52866886 8
53188891 6
20230097 9
63886761 6
45320573 9
46173988 8
57153718 6
54410347 7
44891013 7
28615742 6
54870866 7
60886851 8
35314926 7
61808089 2
10610116 10
10464950 6
61726441 6
3138159 2
2564065 7
36943595 4
21466910 6
69173053 8
34697034 7
5325841 6
53428689 7
53867153 7
54002944 3
54068030 7
34408212 7
56075847 10
56220661 6
56229473 14
34637812 8
56370184 11
57147570 7
69937028 8
5733434 9
57528064 8
58758711 7
58956276 6
59779392 6
59792844 7
6133607 8
57192269 0
65727590 0
13871875 2
12670639 2
68049124 0
61374959 5
61431783 6
61494774 9
61967128 6
63131429 9
63143290 5
63637020 4
64003633 6
43536971 6
9497152 7
58625834 7
11175480 11
68683765 6
63565696 7
64078515 8
27173023 6
44071530 5
65138931 7
66033918 7
65465722 6
65943192 5
6596816 8
66166605 4
66228920 4
68856775 10
69067313 6
69874902 7
70334086 7
70668172 8
71211445 6
7293924 7
7582516 11
8351491 6
890505 6
919939 6
9355739 6
9378350 2
9771905 6
END_DETAILED_MISSES
END_METHOD
END_QUERY
START_QUERY 68742355
START_METHOD SMSD_QuerywiseParallel
time: 5970
matches: 
 misses: 10278353 10288685 10446339 11217487 11539831 11569483 12891779 15356007 15754740 29936641 15796342 15919642 16220171 16379568 16403572 16548540 16576575 16846817 17132482 17332461 17566360 17684074 17725426 177270 17900274 18119225 45146729 18198587 19034184 10356185 20993973 1277846 19368990 19502787 19709223 20106795 20835590 21056172 21609844 22429475 22829210 23543070 23870737 23905966 24731510 24925153 25095125 25717563 26764113 27137867 28542993 42006409 29359790 29881511 29955602 30544573 49119455 32830389 32951440 33221389 43009433 33295171 33307105 33536116 33709847 33889401 34299360 3437967 35658984 36089241 36118920 31790584 37355280 47848549 37376101 37434090 37545929 37693406 56578785 37715992 38395110 38487696 38605558 38653339 38813203 39022188 39146774 57436562 40099516 40175032 40581200 40704817 40778163 54288463 61297850 41521370 41655718 42395249 4282443 43656442 43197786 37896708 30055621 43107090 43718329 60998295 31076480 8482806 61406245 43872589 43981682 44495362 44870630 45543559 45769398 46420414 47545300 47899785 48826350 37551805 48983308 49419686 49719724 49785243 50108870 50242199 70413264 13632598 51215349 61371689 60811138 70037035 51368099 5204467 52473889 52580118 52866886 53188891 20230097 63886761 45320573 46173988 57153718 54410347 44891013 28615742 54870866 60886851 35314926 61808089 10610116 10464950 61726441 3138159 2564065 36943595 21466910 69173053 34697034 5325841 53428689 53867153 54002944 54068030 34408212 56075847 56220661 56229473 34637812 56370184 57147570 69937028 5733434 57528064 58758711 58956276 59779392 59792844 6133607 57192269 65727590 13871875 12670639 68049124 61374959 61431783 61494774 61967128 63131429 63143290 63637020 64003633 43536971 9497152 58625834 11175480 68683765 63565696 64078515 27173023 44071530 65138931 66033918 65465722 65943192 6596816 66166605 66228920 68856775 69067313 69874902 70334086 70668172 71211445 7293924 7582516 8351491 890505 919939 9355739 9378350 9771905 
START_DETAILED_MATCHES
END_DETAILED_MATCHES

START_DETAILED_MISSES
10278353 7
10288685 7
10446339 6
11217487 2
11539831 7
11569483 7
12891779 4
15356007 7
15754740 3
29936641 3
15796342 0
15919642 8
16220171 8
16379568 7
16403572 7
16548540 8
16576575 7
16846817 7
17132482 5
17332461 8
17566360 7
17684074 7
17725426 7
177270 9
17900274 7
18119225 10
45146729 6
18198587 8
19034184 7
10356185 8
20993973 11
1277846 8
19368990 4
19502787 7
19709223 7
20106795 2
20835590 8
21056172 13
21609844 6
22429475 7
22829210 9
23543070 7
23870737 6
23905966 7
24731510 8
24925153 8
25095125 8
25717563 6
26764113 7
27137867 8
28542993 7
42006409 8
29359790 6
29881511 8
29955602 6
30544573 7
49119455 8
32830389 7
32951440 6
33221389 5
43009433 7
33295171 10
33307105 7
33536116 6
33709847 7
33889401 4
34299360 7
3437967 6
35658984 8
36089241 8
36118920 3
31790584 9
37355280 9
47848549 9
37376101 6
37434090 7
37545929 8
37693406 7
56578785 7
37715992 7
38395110 8
38487696 7
38605558 7
38653339 7
38813203 7
39022188 7
39146774 2
57436562 4
40099516 6
40175032 6
40581200 7
40704817 8
40778163 9
54288463 9
61297850 7
41521370 7
41655718 7
42395249 8
4282443 8
43656442 4
43197786 9
37896708 7
30055621 7
43107090 9
43718329 8
60998295 8
31076480 7
8482806 7
61406245 7
43872589 7
43981682 7
44495362 6
44870630 7
45543559 8
45769398 7
46420414 10
47545300 4
47899785 7
48826350 8
37551805 7
48983308 6
49419686 7
49719724 7
49785243 8
50108870 7
50242199 7
70413264 6
13632598 6
51215349 7
61371689 6
60811138 6
70037035 7
51368099 7
5204467 7
52473889 9
52580118 8
52866886 7
53188891 6
20230097 8
63886761 6
45320573 8
46173988 8
57153718 8
54410347 7
44891013 8
28615742 6
54870866 7
60886851 7
35314926 11
61808089 3
10610116 7
10464950 6
61726441 8
3138159 2
2564065 7
36943595 4
21466910 6
69173053 7
34697034 7
5325841 6
53428689 8
53867153 7
54002944 3
54068030 7
34408212 7
56075847 7
56220661 6
56229473 8
34637812 7
56370184 9
57147570 7
69937028 8
5733434 7
57528064 7
58758711 7
58956276 6
59779392 6
59792844 7
6133607 7
57192269 0
65727590 4
13871875 0
12670639 2
68049124 4
61374959 2
61431783 6
61494774 9
61967128 6
63131429 7
63143290 5
63637020 4
64003633 6
43536971 6
9497152 7
58625834 7
11175480 12
68683765 6
63565696 7
64078515 7
27173023 6
44071530 5
65138931 8
66033918 9
65465722 6
65943192 3
6596816 7
66166605 3
66228920 3
68856775 8
69067313 6
69874902 7
70334086 9
70668172 9
71211445 6
7293924 7
7582516 8
8351491 7
890505 8
919939 6
9355739 6
9378350 2
9771905 7
END_DETAILED_MISSES
END_METHOD
END_QUERY
START_QUERY 17679549
START_METHOD SMSD_QuerywiseParallel
time: 4834
matches: 
 misses: 10278353 10288685 10446339 11217487 11539831 11569483 12891779 15356007 15754740 29936641 15796342 15919642 16220171 16379568 16403572 16548540 16576575 16846817 17132482 17332461 17566360 17684074 17725426 177270 17900274 18119225 45146729 18198587 19034184 10356185 20993973 1277846 19368990 19502787 19709223 20106795 20835590 21056172 21609844 22429475 22829210 23543070 23870737 23905966 24731510 24925153 25095125 25717563 26764113 27137867 28542993 42006409 29359790 29881511 29955602 30544573 49119455 32830389 32951440 33221389 43009433 33295171 33307105 33536116 33709847 33889401 34299360 3437967 35658984 36089241 36118920 31790584 37355280 47848549 37376101 37434090 37545929 37693406 56578785 37715992 38395110 38487696 38605558 38653339 38813203 39022188 39146774 57436562 40099516 40175032 40581200 40704817 40778163 54288463 61297850 41521370 41655718 42395249 4282443 43656442 43197786 37896708 30055621 43107090 43718329 60998295 31076480 8482806 61406245 43872589 43981682 44495362 44870630 45543559 45769398 46420414 47545300 47899785 48826350 37551805 48983308 49419686 49719724 49785243 50108870 50242199 70413264 13632598 51215349 61371689 60811138 70037035 51368099 5204467 52473889 52580118 52866886 53188891 20230097 63886761 45320573 46173988 57153718 54410347 44891013 28615742 54870866 60886851 35314926 61808089 10610116 10464950 61726441 3138159 2564065 36943595 21466910 69173053 34697034 5325841 53428689 53867153 54002944 54068030 34408212 56075847 56220661 56229473 34637812 56370184 57147570 69937028 5733434 57528064 58758711 58956276 59779392 59792844 6133607 57192269 65727590 13871875 12670639 68049124 61374959 61431783 61494774 61967128 63131429 63143290 63637020 64003633 43536971 9497152 58625834 11175480 68683765 63565696 64078515 27173023 44071530 65138931 66033918 65465722 65943192 6596816 66166605 66228920 68856775 69067313 69874902 70334086 70668172 71211445 7293924 7582516 8351491 890505 919939 9355739 9378350 9771905 
START_DETAILED_MATCHES
END_DETAILED_MATCHES

START_DETAILED_MISSES
10278353 9
10288685 6
10446339 6
11217487 2
11539831 7
11569483 7
12891779 4
15356007 7
15754740 0
29936641 3
15796342 2
15919642 6
16220171 7
16379568 7
16403572 7
16548540 7
16576575 7
16846817 10
17132482 5
17332461 8
17566360 6
17684074 8
17725426 8
177270 7
17900274 7
18119225 8
45146729 8
18198587 8
19034184 8
10356185 8
20993973 8
1277846 9
19368990 4
19502787 6
19709223 6
20106795 3
20835590 6
21056172 6
21609844 6
22429475 10
22829210 8
23543070 6
23870737 6
23905966 8
24731510 8
24925153 7
25095125 10
25717563 11
26764113 9
27137867 8
28542993 8
42006409 8
29359790 4
29881511 6
29955602 6
30544573 7
49119455 9
32830389 6
32951440 6
33221389 9
43009433 10
33295171 10
33307105 10
33536116 6
33709847 7
33889401 9
34299360 7
3437967 7
35658984 17
36089241 9
36118920 8
31790584 8
37355280 6
47848549 8
37376101 10
37434090 7
37545929 8
37693406 6
56578785 6
37715992 10
38395110 6
38487696 6
38605558 6
38653339 8
38813203 10
39022188 8
39146774 2
57436562 4
40099516 10
40175032 6
40581200 8
40704817 6
40778163 8
54288463 6
61297850 8
41521370 7
41655718 6
42395249 8
4282443 8
43656442 5
43197786 8
37896708 6
30055621 9
43107090 7
43718329 7
60998295 7
31076480 10
8482806 8
61406245 9
43872589 10
43981682 6
44495362 9
44870630 9
45543559 6
45769398 10
46420414 8
47545300 4
47899785 6
48826350 6
37551805 6
48983308 9
49419686 6
49719724 6
49785243 6
50108870 10
50242199 10
70413264 7
13632598 10
51215349 8
61371689 5
60811138 6
70037035 5
51368099 6
5204467 8
52473889 8
52580118 6
52866886 9
53188891 6
20230097 8
63886761 7
45320573 8
46173988 7
57153718 6
54410347 6
44891013 7
28615742 7
54870866 6
60886851 8
35314926 6
61808089 2
10610116 8
10464950 6
61726441 5
3138159 2
2564065 10
36943595 3
21466910 7
69173053 8
34697034 11
5325841 6
53428689 6
53867153 7
54002944 3
54068030 6
34408212 9
56075847 7
56220661 6
56229473 8
34637812 8
56370184 8
57147570 7
69937028 7
5733434 8
57528064 8
58758711 6
58956276 6
59779392 7
59792844 6
6133607 8
57192269 3
65727590 5
13871875 3
12670639 3
68049124 2
61374959 4
61431783 10
61494774 8
61967128 6
63131429 5
63143290 5
63637020 6
64003633 6
43536971 7
9497152 6
58625834 8
11175480 8
68683765 6
63565696 7
64078515 8
27173023 7
44071530 5
65138931 6
66033918 6
65465722 9
65943192 4
6596816 8
66166605 3
66228920 5
68856775 6
69067313 7
69874902 6
70334086 6
70668172 7
71211445 6
7293924 6
7582516 8
8351491 15
890505 6
919939 7
9355739 11
9378350 6
9771905 6
END_DETAILED_MISSES
END_METHOD
END_QUERY
START_QUERY 33039448
START_METHOD SMSD_QuerywiseParallel
time: 2482
matches: 
 misses: 10278353 10288685 10446339 11217487 11539831 11569483 12891779 15356007 15754740 29936641 15796342 15919642 16220171 16379568 16403572 16548540 16576575 16846817 17132482 17332461 17566360 17684074 17725426 177270 17900274 18119225 45146729 18198587 19034184 10356185 20993973 1277846 19368990 19502787 19709223 20106795 20835590 21056172 21609844 22429475 22829210 23543070 23870737 23905966 24731510 24925153 25095125 25717563 26764113 27137867 28542993 42006409 29359790 29881511 29955602 30544573 49119455 32830389 32951440 33221389 43009433 33295171 33307105 33536116 33709847 33889401 34299360 3437967 35658984 36089241 36118920 31790584 37355280 47848549 37376101 37434090 37545929 37693406 56578785 37715992 38395110 38487696 38605558 38653339 38813203 39022188 39146774 57436562 40099516 40175032 40581200 40704817 40778163 54288463 61297850 41521370 41655718 42395249 4282443 43656442 43197786 37896708 30055621 43107090 43718329 60998295 31076480 8482806 61406245 43872589 43981682 44495362 44870630 45543559 45769398 46420414 47545300 47899785 48826350 37551805 48983308 49419686 49719724 49785243 50108870 50242199 70413264 13632598 51215349 61371689 60811138 70037035 51368099 5204467 52473889 52580118 52866886 53188891 20230097 63886761 45320573 46173988 57153718 54410347 44891013 28615742 54870866 60886851 35314926 61808089 10610116 10464950 61726441 3138159 2564065 36943595 21466910 69173053 34697034 5325841 53428689 53867153 54002944 54068030 34408212 56075847 56220661 56229473 34637812 56370184 57147570 69937028 5733434 57528064 58758711 58956276 59779392 59792844 6133607 57192269 65727590 13871875 12670639 68049124 61374959 61431783 61494774 61967128 63131429 63143290 63637020 64003633 43536971 9497152 58625834 11175480 68683765 63565696 64078515 27173023 44071530 65138931 66033918 65465722 65943192 6596816 66166605 66228920 68856775 69067313 69874902 70334086 70668172 71211445 7293924 7582516 8351491 890505 919939 9355739 9378350 9771905 
START_DETAILED_MATCHES
END_DETAILED_MATCHES

START_DETAILED_MISSES
10278353 7
10288685 4
10446339 4
11217487 2
11539831 6
11569483 4
12891779 6
15356007 4
15754740 0
29936641 0
15796342 2
15919642 4
16220171 4
16379568 5
16403572 6
16548540 6
16576575 4
16846817 7
17132482 5
17332461 4
17566360 6
17684074 6
17725426 6
177270 4
17900274 4
18119225 4
45146729 6
18198587 6
19034184 4
10356185 4
20993973 4
1277846 7
19368990 3
19502787 5
19709223 4
20106795 9
20835590 4
21056172 4
21609844 5
22429475 7
22829210 5
23543070 6
23870737 8
23905966 5
24731510 7
24925153 4
25095125 7
25717563 7
26764113 7
27137867 6
28542993 5
42006409 7
29359790 6
29881511 4
29955602 5
30544573 4
49119455 7
32830389 6
32951440 5
33221389 9
43009433 7
33295171 8
33307105 7
33536116 6
33709847 6
33889401 6
34299360 6
3437967 6
35658984 8
36089241 7
36118920 8
31790584 4
37355280 4
47848549 4
37376101 7
37434090 6
37545929 4
37693406 4
56578785 4
37715992 7
38395110 4
38487696 6
38605558 5
38653339 6
38813203 7
39022188 5
39146774 5
57436562 6
40099516 6
40175032 4
40581200 6
40704817 9
40778163 4
54288463 4
61297850 4
41521370 4
41655718 5
42395249 5
4282443 9
43656442 5
43197786 4
37896708 4
30055621 7
43107090 4
43718329 5
60998295 4
31076480 7
8482806 4
61406245 7
43872589 7
43981682 6
44495362 7
44870630 7
45543559 4
45769398 7
46420414 4
47545300 3
47899785 5
48826350 6
37551805 5
48983308 9
49419686 4
49719724 4
49785243 6
50108870 12
50242199 7
70413264 6
13632598 7
51215349 5
61371689 6
60811138 6
70037035 5
51368099 5
5204467 4
52473889 4
52580118 4
52866886 15
53188891 7
20230097 4
63886761 5
45320573 4
46173988 4
57153718 4
54410347 4
44891013 4
28615742 4
54870866 4
60886851 4
35314926 4
61808089 2
10610116 5
10464950 4
61726441 4
3138159 0
2564065 7
36943595 3
21466910 5
69173053 4
34697034 7
5325841 4
53428689 6
53867153 6
54002944 5
54068030 5
34408212 11
56075847 5
56220661 7
56229473 6
34637812 6
56370184 5
57147570 6
69937028 6
5733434 8
57528064 6
58758711 4
58956276 6
59779392 5
59792844 7
6133607 9
57192269 3
65727590 5
13871875 6
12670639 5
68049124 5
61374959 6
61431783 7
61494774 4
61967128 6
63131429 4
63143290 5
63637020 6
64003633 4
43536971 4
9497152 4
58625834 6
11175480 4
68683765 5
63565696 5
64078515 4
27173023 5
44071530 4
65138931 5
66033918 6
65465722 7
65943192 6
6596816 6
66166605 3
66228920 3
68856775 4
69067313 5
69874902 6
70334086 5
70668172 4
71211445 8
7293924 5
7582516 7
8351491 7
890505 4
919939 5
9355739 7
9378350 4
9771905 6
END_DETAILED_MISSES
END_METHOD
END_QUERY
START_QUERY 56075847
START_METHOD SMSD_QuerywiseParallel
time: 4257
matches: 56075847 
 misses: 10278353 10288685 10446339 11217487 11539831 11569483 12891779 15356007 15754740 29936641 15796342 15919642 16220171 16379568 16403572 16548540 16576575 16846817 17132482 17332461 17566360 17684074 17725426 177270 17900274 18119225 45146729 18198587 19034184 10356185 20993973 1277846 19368990 19502787 19709223 20106795 20835590 21056172 21609844 22429475 22829210 23543070 23870737 23905966 24731510 24925153 25095125 25717563 26764113 27137867 28542993 42006409 29359790 29881511 29955602 30544573 49119455 32830389 32951440 33221389 43009433 33295171 33307105 33536116 33709847 33889401 34299360 3437967 35658984 36089241 36118920 31790584 37355280 47848549 37376101 37434090 37545929 37693406 56578785 37715992 38395110 38487696 38605558 38653339 38813203 39022188 39146774 57436562 40099516 40175032 40581200 40704817 40778163 54288463 61297850 41521370 41655718 42395249 4282443 43656442 43197786 37896708 30055621 43107090 43718329 60998295 31076480 8482806 61406245 43872589 43981682 44495362 44870630 45543559 45769398 46420414 47545300 47899785 48826350 37551805 48983308 49419686 49719724 49785243 50108870 50242199 70413264 13632598 51215349 61371689 60811138 70037035 51368099 5204467 52473889 52580118 52866886 53188891 20230097 63886761 45320573 46173988 57153718 54410347 44891013 28615742 54870866 60886851 35314926 61808089 10610116 10464950 61726441 3138159 2564065 36943595 21466910 69173053 34697034 5325841 53428689 53867153 54002944 54068030 34408212 56220661 56229473 34637812 56370184 57147570 69937028 5733434 57528064 58758711 58956276 59779392 59792844 6133607 57192269 65727590 13871875 12670639 68049124 61374959 61431783 61494774 61967128 63131429 63143290 63637020 64003633 43536971 9497152 58625834 11175480 68683765 63565696 64078515 27173023 44071530 65138931 66033918 65465722 65943192 6596816 66166605 66228920 68856775 69067313 69874902 70334086 70668172 71211445 7293924 7582516 8351491 890505 919939 9355739 9378350 9771905 
START_DETAILED_MATCHES
56075847 32
END_DETAILED_MATCHES

START_DETAILED_MISSES
10278353 6
10288685 8
10446339 6
11217487 2
11539831 6
11569483 10
12891779 4
15356007 6
15754740 0
29936641 0
15796342 2
15919642 8
16220171 7
16379568 8
16403572 7
16548540 8
16576575 10
16846817 10
17132482 5
17332461 7
17566360 12
17684074 11
17725426 11
177270 7
17900274 6
18119225 7
45146729 6
18198587 7
19034184 8
10356185 6
20993973 7
1277846 7
19368990 4
19502787 7
19709223 7
20106795 5
20835590 8
21056172 7
21609844 6
22429475 6
22829210 7
23543070 8
23870737 6
23905966 10
24731510 10
24925153 7
25095125 7
25717563 6
26764113 9
27137867 7
28542993 7
42006409 11
29359790 5
29881511 10
29955602 6
30544573 10
49119455 10
32830389 7
32951440 6
33221389 8
43009433 7
33295171 7
33307105 7
33536116 6
33709847 11
33889401 5
34299360 10
3437967 9
35658984 8
36089241 7
36118920 5
31790584 7
37355280 10
47848549 10
37376101 6
37434090 17
37545929 10
37693406 7
56578785 8
37715992 7
38395110 16
38487696 7
38605558 6
38653339 10
38813203 7
39022188 10
39146774 6
57436562 4
40099516 6
40175032 8
40581200 14
40704817 15
40778163 7
54288463 9
61297850 6
41521370 7
41655718 11
42395249 8
4282443 7
43656442 8
43197786 7
37896708 10
30055621 9
43107090 7
43718329 7
60998295 7
31076480 9
8482806 7
61406245 9
43872589 7
43981682 8
44495362 6
44870630 16
45543559 7
45769398 7
46420414 10
47545300 4
47899785 10
48826350 11
37551805 11
48983308 8
49419686 8
49719724 6
49785243 7
50108870 10
50242199 9
70413264 7
13632598 10
51215349 6
61371689 10
60811138 6
70037035 6
51368099 9
5204467 8
52473889 7
52580118 10
52866886 10
53188891 7
20230097 7
63886761 6
45320573 9
46173988 7
57153718 7
54410347 7
44891013 7
28615742 7
54870866 7
60886851 6
35314926 7
61808089 2
10610116 8
10464950 6
61726441 7
3138159 0
2564065 7
36943595 6
21466910 6
69173053 6
34697034 7
5325841 5
53428689 10
53867153 10
54002944 6
54068030 7
34408212 7
56220661 6
56229473 13
34637812 8
56370184 7
57147570 6
69937028 7
5733434 7
57528064 6
58758711 7
58956276 6
59779392 6
59792844 9
6133607 6
57192269 4
65727590 3
13871875 4
12670639 4
68049124 4
61374959 5
61431783 6
61494774 7
61967128 10
63131429 14
63143290 5
63637020 6
64003633 6
43536971 7
9497152 7
58625834 6
11175480 7
68683765 7
63565696 7
64078515 6
27173023 6
44071530 5
65138931 7
66033918 7
65465722 6
65943192 5
6596816 9
66166605 4
66228920 4
68856775 10
69067313 10
69874902 7
70334086 7
70668172 7
71211445 8
7293924 7
7582516 7
8351491 10
890505 8
919939 6
9355739 7
9378350 3
9771905 9
END_DETAILED_MISSES
END_METHOD
END_QUERY
START_QUERY 58685014
START_METHOD SMSD_QuerywiseParallel
time: 2242
matches: 
 misses: 10278353 10288685 10446339 11217487 11539831 11569483 12891779 15356007 15754740 29936641 15796342 15919642 16220171 16379568 16403572 16548540 16576575 16846817 17132482 17332461 17566360 17684074 17725426 177270 17900274 18119225 45146729 18198587 19034184 10356185 20993973 1277846 19368990 19502787 19709223 20106795 20835590 21056172 21609844 22429475 22829210 23543070 23870737 23905966 24731510 24925153 25095125 25717563 26764113 27137867 28542993 42006409 29359790 29881511 29955602 30544573 49119455 32830389 32951440 33221389 43009433 33295171 33307105 33536116 33709847 33889401 34299360 3437967 35658984 36089241 36118920 31790584 37355280 47848549 37376101 37434090 37545929 37693406 56578785 37715992 38395110 38487696 38605558 38653339 38813203 39022188 39146774 57436562 40099516 40175032 40581200 40704817 40778163 54288463 61297850 41521370 41655718 42395249 4282443 43656442 43197786 37896708 30055621 43107090 43718329 60998295 31076480 8482806 61406245 43872589 43981682 44495362 44870630 45543559 45769398 46420414 47545300 47899785 48826350 37551805 48983308 49419686 49719724 49785243 50108870 50242199 70413264 13632598 51215349 61371689 60811138 70037035 51368099 5204467 52473889 52580118 52866886 53188891 20230097 63886761 45320573 46173988 57153718 54410347 44891013 28615742 54870866 60886851 35314926 61808089 10610116 10464950 61726441 3138159 2564065 36943595 21466910 69173053 34697034 5325841 53428689 53867153 54002944 54068030 34408212 56075847 56220661 56229473 34637812 56370184 57147570 69937028 5733434 57528064 58758711 58956276 59779392 59792844 6133607 57192269 65727590 13871875 12670639 68049124 61374959 61431783 61494774 61967128 63131429 63143290 63637020 64003633 43536971 9497152 58625834 11175480 68683765 63565696 64078515 27173023 44071530 65138931 66033918 65465722 65943192 6596816 66166605 66228920 68856775 69067313 69874902 70334086 70668172 71211445 7293924 7582516 8351491 890505 919939 9355739 9378350 9771905 
START_DETAILED_MATCHES
END_DETAILED_MATCHES

START_DETAILED_MISSES
10278353 9
10288685 6
10446339 6
11217487 3
11539831 6
11569483 7
12891779 4
15356007 6
15754740 2
29936641 2
15796342 2
15919642 7
16220171 8
16379568 7
16403572 7
16548540 6
16576575 7
16846817 9
17132482 5
17332461 7
17566360 7
17684074 7
17725426 8
177270 8
17900274 6
18119225 7
45146729 8
18198587 6
19034184 6
10356185 6
20993973 7
1277846 10
19368990 3
19502787 8
19709223 7
20106795 3
20835590 6
21056172 7
21609844 6
22429475 9
22829210 7
23543070 8
23870737 6
23905966 7
24731510 7
24925153 7
25095125 9
25717563 9
26764113 9
27137867 7
28542993 7
42006409 7
29359790 4
29881511 7
29955602 6
30544573 7
49119455 10
32830389 7
32951440 6
33221389 8
43009433 9
33295171 9
33307105 9
33536116 6
33709847 7
33889401 4
34299360 6
3437967 6
35658984 9
36089241 9
36118920 3
31790584 7
37355280 7
47848549 8
37376101 9
37434090 7
37545929 7
37693406 7
56578785 7
37715992 10
38395110 7
38487696 7
38605558 6
38653339 6
38813203 9
39022188 6
39146774 2
57436562 4
40099516 6
40175032 6
40581200 7
40704817 7
40778163 7
54288463 7
61297850 6
41521370 7
41655718 7
42395249 6
4282443 7
43656442 4
43197786 7
37896708 6
30055621 9
43107090 7
43718329 8
60998295 7
31076480 9
8482806 6
61406245 9
43872589 9
43981682 6
44495362 9
44870630 9
45543559 7
45769398 10
46420414 7
47545300 4
47899785 8
48826350 7
37551805 7
48983308 9
49419686 7
49719724 6
49785243 6
50108870 10
50242199 10
70413264 6
13632598 9
51215349 6
61371689 5
60811138 6
70037035 6
51368099 7
5204467 7
52473889 7
52580118 7
52866886 9
53188891 6
20230097 7
63886761 7
45320573 7
46173988 6
57153718 6
54410347 7
44891013 7
28615742 6
54870866 7
60886851 6
35314926 7
61808089 2
10610116 7
10464950 6
61726441 7
3138159 2
2564065 10
36943595 3
21466910 7
69173053 6
34697034 10
5325841 5
53428689 7
53867153 7
54002944 2
54068030 8
34408212 9
56075847 7
56220661 6
56229473 7
34637812 6
56370184 7
57147570 6
69937028 7
5733434 7
57528064 6
58758711 7
58956276 6
59779392 7
59792844 7
6133607 6
57192269 0
65727590 2
13871875 0
12670639 0
68049124 2
61374959 3
61431783 9
61494774 7
61967128 6
63131429 6
63143290 5
63637020 4
64003633 6
43536971 6
9497152 7
58625834 8
11175480 7
68683765 6
63565696 7
64078515 6
27173023 7
44071530 5
65138931 7
66033918 7
65465722 9
65943192 3
6596816 6
66166605 3
66228920 3
68856775 7
69067313 6
69874902 7
70334086 7
70668172 7
71211445 6
7293924 7
7582516 7
8351491 9
890505 6
919939 7
9355739 9
9378350 2
9771905 6
END_DETAILED_MISSES
END_METHOD
END_QUERY
