Did 435 comparisons of structures in 24558ms with SMSD. Average time: 56
Did 435 comparisons of structures in 285107ms with IsoRank. Average time: 655
Did 435 comparisons of structures in 283564ms with IsoRank. Average time: 651
Did 435 comparisons of structures in 278674ms with IsoRank. Average time: 640
Did 435 comparisons of structures in 286146ms with IsoRank. Average time: 657
COMPARISON_DELIMITER
IsoRank_bt=1.0 smsd
15 9
18 7
16 7
6 6
6 6
6 6
13 7
13 7
13 7
6 6
18 10
13 9
23 7
6 6
13 7
18 6
13 9
23 7
6 4
13 5
20 11
18 9
13 14
22 7
6 6
13 7
20 9
20 9
6 6
6 6
6 6
6 6
6 6
6 6
6 4
6 6
13 6
11 6
13 6
6 6
13 6
13 6
13 4
13 6
6 6
18 9
13 9
24 7
6 6
13 7
22 9
22 9
22 20
6 6
13 6
18 9
12 9
19 7
6 6
13 7
16 9
16 6
16 15
6 6
13 6
19 19
18 6
13 8
23 7
6 6
13 6
20 8
20 9
20 11
6 6
13 6
23 11
18 6
7 0
7 7
7 5
6 0
7 0
7 5
7 7
7 5
6 0
7 0
7 5
7 0
7 5
18 9
13 9
22 7
6 6
13 13
20 9
19 6
21 16
6 6
13 6
22 15
17 15
20 6
7 0
18 10
13 9
18 7
6 6
13 7
16 15
16 9
16 11
6 6
13 6
18 11
14 9
18 14
7 5
17 9
16 10
11 9
16 7
6 6
13 7
14 15
14 9
14 9
6 6
13 6
15 9
13 9
14 12
7 5
15 9
13 19
18 7
13 7
19 12
6 6
13 7
19 7
19 6
19 7
6 6
13 6
19 7
16 7
19 6
7 5
19 7
17 7
14 7
13 4
11 5
13 5
6 4
13 4
13 5
13 9
13 9
6 4
13 4
13 9
13 4
13 9
7 5
13 4
13 9
13 9
13 5
18 11
13 9
21 7
6 6
13 13
18 10
18 6
19 9
6 6
13 6
21 9
16 9
19 6
7 0
19 13
16 10
15 10
19 7
13 4
18 10
13 9
23 7
6 6
13 7
22 10
22 11
21 9
6 6
13 6
23 13
18 13
23 9
7 5
22 9
18 10
14 9
19 7
13 9
21 10
18 6
16 10
25 7
6 6
13 6
23 9
23 10
22 11
6 6
13 6
24 11
19 6
23 14
7 7
22 6
19 15
16 13
19 6
13 9
22 6
23 9
17 8
11 8
17 7
6 6
13 7
16 8
14 6
15 8
6 6
13 6
17 8
14 8
16 6
7 0
17 8
14 8
12 8
16 7
13 4
16 8
16 8
17 6
18 9
13 9
21 7
6 6
13 7
18 9
18 11
19 15
6 6
13 6
20 19
16 19
19 11
7 5
19 15
16 11
14 9
19 7
13 12
18 9
19 12
21 11
16 8
18 7
13 7
18 12
6 6
13 7
18 7
18 9
18 11
6 6
13 6
18 11
16 7
18 12
7 5
18 7
16 12
14 10
18 12
13 9
18 7
18 9
18 12
15 7
18 11
16 11
13 9
16 7
6 6
13 7
16 10
16 7
16 9
6 6
13 6
16 9
16 9
16 8
7 5
16 9
16 10
14 10
16 7
13 5
16 11
16 10
16 9
16 8
16 9
16 7
14 8
13 8
14 7
6 6
13 7
14 8
14 6
14 8
6 6
13 6
14 8
14 8
14 6
7 0
14 8
14 8
14 8
14 7
13 4
14 8
14 8
14 6
14 8
14 8
14 7
14 8
18 8
15 8
22 7
6 6
13 7
18 8
18 9
20 11
6 6
13 6
21 12
16 12
19 11
7 5
19 8
16 11
15 9
19 7
13 12
18 9
21 12
22 11
16 8
18 15
18 11
16 8
14 14
18 8
15 8
22 7
6 6
13 7
18 8
18 9
20 11
6 6
13 6
21 12
16 12
19 11
7 5
19 8
16 11
15 9
19 7
13 12
18 9
21 12
22 11
16 8
18 15
18 11
16 8
14 14
18 31
6 6
6 6
6 6
6 6
6 6
6 6
6 4
6 6
6 6
6 6
6 6
6 6
6 6
6 0
6 6
6 6
6 6
6 6
6 4
6 6
6 6
6 6
6 6
6 6
6 6
6 6
6 6
6 6
6 6
COMPARISON_DELIMITER
IsoRank_bt=2.0 smsd
11 9
18 7
13 7
6 6
6 6
6 6
13 7
11 7
13 7
6 6
18 10
11 9
20 7
6 6
13 7
18 6
11 9
20 7
6 4
13 5
18 11
18 9
12 14
21 7
6 6
13 7
18 9
18 9
6 6
6 6
6 6
6 6
6 6
6 6
6 4
6 6
13 6
10 6
13 6
6 6
13 6
13 6
13 4
13 6
6 6
18 9
11 9
24 7
6 6
13 7
20 9
20 9
20 20
6 6
13 6
16 9
11 9
16 7
6 6
13 7
14 9
14 6
14 15
6 6
13 6
15 19
18 6
11 8
20 7
6 6
13 6
18 8
18 9
20 11
6 6
13 6
20 11
14 6
7 0
7 7
7 5
6 0
7 0
7 5
7 7
7 5
6 0
7 0
7 5
7 0
7 5
18 9
11 9
22 7
6 6
13 13
18 9
17 6
19 16
6 6
13 6
21 15
15 15
19 6
7 0
16 10
11 9
16 7
6 6
13 7
15 15
14 9
15 11
6 6
13 6
16 11
13 9
16 14
7 5
16 9
14 10
10 9
14 7
6 6
12 7
12 15
13 9
13 9
6 6
12 6
13 9
12 9
13 12
7 5
13 9
12 19
18 7
11 7
19 12
6 6
13 7
18 7
18 6
19 7
6 6
13 6
19 7
14 7
19 6
7 5
19 7
14 7
13 7
13 4
10 5
13 5
6 4
13 4
13 5
13 9
13 9
6 4
13 4
13 9
13 4
13 9
7 5
13 4
13 9
12 9
13 5
18 11
11 9
19 7
6 6
13 13
17 10
16 6
17 9
6 6
13 6
19 9
15 9
18 6
7 0
17 13
15 10
14 10
17 7
13 4
18 10
11 9
23 7
6 6
13 7
20 10
19 11
20 9
6 6
13 6
22 13
14 13
20 9
7 5
21 9
15 10
13 9
19 7
13 9
17 10
18 6
13 10
25 7
6 6
13 6
21 9
22 10
21 11
6 6
13 6
24 11
16 6
22 14
7 7
22 6
16 15
14 13
19 6
13 9
19 6
23 9
14 8
10 8
16 7
6 6
13 7
14 8
14 6
14 8
6 6
12 6
14 8
12 8
14 6
7 0
14 8
13 8
11 8
13 7
12 4
14 8
14 8
16 6
18 9
11 9
19 7
6 6
13 7
18 9
17 11
18 15
6 6
13 6
19 19
14 19
18 11
7 5
17 15
15 11
13 9
18 7
13 12
17 9
18 12
19 11
14 8
18 7
11 7
18 12
6 6
13 7
18 7
17 9
18 11
6 6
13 6
18 11
14 7
18 12
7 5
17 7
15 12
12 10
18 12
13 9
16 7
18 9
18 12
14 7
17 11
16 11
11 9
16 7
6 6
13 7
16 10
16 7
16 9
6 6
13 6
16 9
14 9
16 8
7 5
16 9
15 10
13 10
16 7
13 5
16 11
16 10
16 9
14 8
16 9
16 7
14 8
11 8
14 7
6 6
13 7
14 8
14 6
14 8
6 6
13 6
14 8
14 8
14 6
7 0
14 8
14 8
12 8
14 7
13 4
14 8
14 8
14 6
14 8
14 8
14 7
14 8
18 8
13 8
18 7
6 6
13 7
18 8
17 9
18 11
6 6
13 6
18 12
15 12
18 11
7 5
17 8
16 11
14 9
18 7
13 12
16 9
18 12
19 11
15 8
17 15
17 11
16 8
14 14
18 8
13 8
18 7
6 6
13 7
18 8
17 9
18 11
6 6
13 6
18 12
15 12
18 11
7 5
17 8
16 11
14 9
18 7
13 12
16 9
18 12
19 11
15 8
17 15
17 11
16 8
14 14
17 31
6 6
6 6
6 6
6 6
6 6
6 6
6 4
6 6
6 6
6 6
6 6
6 6
6 6
6 0
6 6
6 6
6 6
6 6
6 4
6 6
6 6
6 6
6 6
6 6
6 6
6 6
6 6
6 6
6 6
COMPARISON_DELIMITER
IsoRank_bt=14.0 smsd
8 9
16 7
8 7
2 6
3 6
6 6
7 7
7 7
11 7
0 6
9 10
8 9
12 7
6 6
7 7
10 6
8 9
13 7
5 4
7 5
10 11
12 9
8 14
13 7
6 6
11 7
12 9
12 9
2 6
3 6
6 6
0 6
0 6
6 6
5 4
6 6
8 6
7 6
8 6
2 6
3 6
8 6
8 4
9 6
2 6
11 9
8 9
13 7
6 6
8 7
10 9
11 9
12 20
6 6
8 6
9 9
8 9
11 7
4 6
7 7
9 9
10 6
11 15
4 6
8 6
11 19
10 6
8 8
13 7
5 6
7 6
9 8
10 9
12 11
5 6
8 6
10 11
10 6
2 0
3 7
5 5
0 0
2 0
6 5
5 7
7 5
0 0
2 0
6 5
3 0
5 5
11 9
8 9
13 7
6 6
8 13
10 9
11 6
12 16
6 6
8 6
11 15
11 15
10 6
7 0
9 10
8 9
12 7
6 6
7 7
9 15
10 9
11 11
6 6
8 6
11 11
9 9
9 14
5 5
11 9
8 10
7 9
10 7
5 6
7 7
9 15
10 9
10 9
5 6
7 6
10 9
8 9
10 12
5 5
10 9
9 19
9 7
8 7
12 12
3 6
7 7
9 7
9 6
11 7
3 6
8 6
9 7
9 7
9 6
3 5
9 7
9 7
9 7
5 4
6 5
9 5
0 4
5 4
7 5
7 9
9 9
0 4
5 4
8 9
7 4
7 9
2 5
8 4
7 9
7 9
7 5
11 11
8 9
14 7
6 6
7 13
10 10
11 6
12 9
6 6
8 6
11 9
11 9
11 6
7 0
11 13
11 10
10 10
11 7
8 4
10 10
8 9
12 7
6 6
9 7
9 10
10 11
12 9
6 6
8 6
10 13
10 13
10 9
7 5
11 9
9 10
10 9
9 7
9 9
11 10
13 6
8 10
16 7
6 6
7 6
11 9
13 10
12 11
6 6
8 6
12 11
11 6
11 14
5 7
11 6
11 15
10 13
9 6
9 9
13 6
11 9
7 8
7 8
8 7
4 6
5 7
7 8
7 6
8 8
4 6
5 6
8 8
7 8
7 6
4 0
8 8
7 8
7 8
7 7
5 4
8 8
8 8
8 6
12 9
8 9
13 7
5 6
9 7
10 9
12 11
12 15
5 6
8 6
11 19
11 19
10 11
5 5
11 15
10 11
10 9
9 7
9 12
11 9
10 12
13 11
8 8
9 7
7 7
10 12
4 6
7 7
9 7
10 9
10 11
4 6
6 6
10 11
9 7
10 12
3 5
10 7
9 12
8 10
9 12
6 9
10 7
10 9
10 12
7 7
10 11
8 11
7 9
12 7
1 6
7 7
9 10
9 7
12 9
1 6
6 6
9 9
8 9
8 8
2 5
11 9
8 10
7 10
9 7
5 5
11 11
9 10
11 9
7 8
9 9
7 7
8 8
7 8
12 7
0 6
4 7
8 8
8 6
11 8
0 6
4 6
8 8
8 8
8 6
2 0
8 8
8 8
8 8
8 7
5 4
8 8
9 8
9 6
5 8
9 8
8 7
7 8
15 8
8 8
15 7
6 6
11 7
12 8
13 9
12 11
6 6
9 6
12 12
11 12
12 11
7 5
12 8
12 11
10 9
12 7
9 12
13 9
12 12
15 11
8 8
13 15
12 11
12 8
12 14
15 8
8 8
15 7
6 6
12 7
12 8
13 9
12 11
6 6
9 6
12 12
11 12
12 11
7 5
12 8
12 11
10 9
12 7
9 12
13 9
12 12
15 11
8 8
13 15
12 11
12 8
12 14
15 31
2 6
3 6
6 6
0 6
0 6
6 6
5 4
6 6
0 6
2 6
6 6
4 6
5 6
0 0
6 6
6 6
5 6
3 6
0 4
6 6
6 6
6 6
4 6
5 6
4 6
1 6
0 6
6 6
6 6
COMPARISON_DELIMITER
IsoRank_bt=16.0 smsd
7 9
13 7
8 7
0 6
2 6
4 6
3 7
6 7
7 7
0 6
9 10
8 9
10 7
5 6
7 7
10 6
8 9
13 7
5 4
7 5
9 11
12 9
8 14
12 7
6 6
9 7
11 9
12 9
0 6
2 6
4 6
0 6
0 6
5 6
5 4
6 6
6 6
6 6
8 6
0 6
3 6
7 6
7 4
9 6
0 6
11 9
8 9
12 7
4 6
7 7
9 9
11 9
12 20
4 6
8 6
8 9
8 9
11 7
2 6
7 7
9 9
9 6
11 15
2 6
7 6
9 19
8 6
8 8
10 7
5 6
7 6
9 8
10 9
11 11
5 6
7 6
10 11
8 6
2 0
3 7
4 5
0 0
2 0
5 5
5 7
7 5
0 0
2 0
4 5
3 0
5 5
9 9
8 9
11 7
4 6
8 13
9 9
11 6
11 16
4 6
8 6
11 15
10 15
10 6
3 0
8 10
8 9
11 7
4 6
7 7
9 15
9 9
11 11
4 6
6 6
9 11
8 9
9 14
4 5
9 9
8 10
7 9
10 7
3 6
7 7
9 15
9 9
10 9
3 6
6 6
9 9
8 9
8 12
3 5
9 9
8 19
9 7
8 7
9 12
2 6
7 7
9 7
9 6
9 7
2 6
7 6
9 7
9 7
9 6
3 5
9 7
9 7
9 7
5 4
5 5
7 5
0 4
4 4
7 5
7 9
9 9
0 4
4 4
8 9
5 4
7 9
2 5
8 4
6 9
5 9
5 5
11 11
8 9
13 7
5 6
7 13
10 10
11 6
12 9
6 6
8 6
11 9
10 9
10 6
6 0
11 13
11 10
10 10
9 7
7 4
9 10
8 9
11 7
4 6
7 7
9 10
10 11
11 9
4 6
8 6
10 13
9 13
10 9
4 5
10 9
9 10
9 9
9 7
7 9
10 10
12 6
8 10
16 7
4 6
7 6
10 9
12 10
12 11
4 6
8 6
11 11
11 6
10 14
4 7
11 6
9 15
10 13
9 6
7 9
11 6
10 9
5 8
6 8
7 7
2 6
5 7
7 8
7 6
8 8
2 6
5 6
7 8
7 8
7 6
3 0
7 8
7 8
7 8
7 7
5 4
7 8
7 8
7 6
10 9
8 9
13 7
5 6
7 7
9 9
10 11
12 15
5 6
8 6
11 19
9 19
10 11
5 5
11 15
9 11
9 9
9 7
7 12
11 9
10 12
13 11
7 8
8 7
7 7
10 12
1 6
6 7
9 7
10 9
10 11
1 6
6 6
10 11
8 7
8 12
3 5
9 7
8 12
7 10
9 12
5 9
10 7
9 9
10 12
6 7
10 11
7 11
7 9
11 7
1 6
7 7
9 10
8 7
11 9
1 6
5 6
8 9
8 9
8 8
2 5
8 9
8 10
7 10
8 7
5 5
11 11
9 10
9 9
5 8
9 9
7 7
8 8
7 8
8 7
0 6
4 7
8 8
8 6
9 8
0 6
4 6
8 8
8 8
8 6
2 0
8 8
8 8
7 8
8 7
4 4
8 8
8 8
8 6
5 8
8 8
7 7
5 8
12 8
8 8
15 7
6 6
8 7
12 8
13 9
12 11
6 6
8 6
12 12
11 12
12 11
7 5
12 8
12 11
10 9
12 7
9 12
13 9
12 12
15 11
8 8
13 15
10 11
12 8
12 14
12 8
8 8
15 7
6 6
11 7
12 8
13 9
12 11
6 6
8 6
12 12
11 12
12 11
7 5
12 8
12 11
10 9
12 7
9 12
13 9
12 12
15 11
8 8
13 15
10 11
12 8
12 14
15 31
0 6
2 6
4 6
0 6
0 6
5 6
5 4
6 6
0 6
0 6
4 6
2 6
5 6
0 0
4 6
4 6
3 6
2 6
0 4
6 6
4 6
4 6
2 6
5 6
1 6
1 6
0 6
6 6
6 6
