Did 435 comparisons of structures in 24963ms with SMSD. Average time: 57
Did 435 comparisons of structures in 351134ms with IsoRank. Average time: 807
Did 435 comparisons of structures in 313812ms with IsoRank. Average time: 721
Did 435 comparisons of structures in 311850ms with IsoRank. Average time: 716
Did 435 comparisons of structures in 310360ms with IsoRank. Average time: 713
COMPARISON_DELIMITER
IsoRank_bt=1.0 smsd
16 9
18 7
16 7
6 6
6 6
6 6
13 7
13 7
13 7
6 6
18 10
16 9
23 7
6 6
13 7
18 6
16 9
23 7
6 4
13 5
23 11
18 9
16 14
25 7
6 6
13 7
23 9
23 9
6 6
6 6
6 6
6 6
6 6
6 6
6 4
6 6
13 6
13 6
13 6
6 6
13 6
13 6
13 4
13 6
6 6
18 9
16 9
24 7
6 6
13 7
23 9
23 9
24 20
6 6
13 6
18 9
16 9
19 7
6 6
13 7
19 9
19 6
19 15
6 6
13 6
19 19
18 6
16 8
23 7
6 6
13 6
23 8
23 9
23 11
6 6
13 6
23 11
19 6
7 0
7 7
7 5
6 0
7 0
7 5
7 7
7 5
6 0
7 0
7 5
7 0
7 5
18 9
16 9
22 7
6 6
13 13
22 9
22 6
22 16
6 6
13 6
22 15
19 15
22 6
7 0
18 10
16 9
21 7
6 6
13 7
21 15
21 9
21 11
6 6
13 6
21 11
19 9
21 14
7 5
21 9
18 10
16 9
19 7
6 6
13 7
19 15
19 9
19 9
6 6
13 6
19 9
19 9
19 12
7 5
19 9
19 19
18 7
16 7
19 12
6 6
13 7
19 7
19 6
19 7
6 6
13 6
19 7
19 7
19 6
7 5
19 7
19 7
19 7
13 4
13 5
13 5
6 4
13 4
13 5
13 9
13 9
6 4
13 4
13 9
13 4
13 9
7 5
13 4
13 9
13 9
13 5
18 11
16 9
24 7
6 6
13 13
23 10
23 6
24 9
6 6
13 6
24 9
19 9
23 6
7 0
22 13
21 10
19 10
19 7
13 4
18 10
16 9
23 7
6 6
13 7
23 10
23 11
23 9
6 6
13 6
23 13
19 13
23 9
7 5
22 9
21 10
19 9
19 7
13 9
23 10
18 6
16 10
25 7
6 6
13 6
23 9
23 10
25 11
6 6
13 6
24 11
19 6
23 14
7 7
22 6
21 15
19 13
19 6
13 9
24 6
23 9
17 8
16 8
17 7
6 6
13 7
17 8
17 6
17 8
6 6
13 6
17 8
17 8
17 6
7 0
17 8
17 8
17 8
17 7
13 4
17 8
17 8
17 6
18 9
16 9
24 7
6 6
13 7
23 9
23 11
24 15
6 6
13 6
24 19
19 19
23 11
7 5
22 15
21 11
19 9
19 7
13 12
24 9
23 12
24 11
17 8
18 7
16 7
18 12
6 6
13 7
18 7
18 9
18 11
6 6
13 6
18 11
18 7
18 12
7 5
18 7
18 12
18 10
18 12
13 9
18 7
18 9
18 12
17 7
18 11
16 11
16 9
16 7
6 6
13 7
16 10
16 7
16 9
6 6
13 6
16 9
16 9
16 8
7 5
16 9
16 10
16 10
16 7
13 5
16 11
16 10
16 9
16 8
16 9
16 7
14 8
14 8
14 7
6 6
13 7
14 8
14 6
14 8
6 6
13 6
14 8
14 8
14 6
7 0
14 8
14 8
14 8
14 7
13 4
14 8
14 8
14 6
14 8
14 8
14 7
14 8
18 8
16 8
25 7
6 6
13 7
23 8
23 9
28 11
6 6
13 6
24 12
19 12
23 11
7 5
22 8
21 11
19 9
19 7
13 12
24 9
23 12
25 11
17 8
24 15
18 11
16 8
14 14
18 8
16 8
25 7
6 6
13 7
23 8
23 9
28 11
6 6
13 6
24 12
19 12
23 11
7 5
22 8
21 11
19 9
19 7
13 12
24 9
23 12
25 11
17 8
24 15
18 11
16 8
14 14
31 31
6 6
6 6
6 6
6 6
6 6
6 6
6 4
6 6
6 6
6 6
6 6
6 6
6 6
6 0
6 6
6 6
6 6
6 6
6 4
6 6
6 6
6 6
6 6
6 6
6 6
6 6
6 6
6 6
6 6
COMPARISON_DELIMITER
IsoRank_bt=2.0 smsd
16 9
18 7
16 7
6 6
6 6
6 6
13 7
13 7
13 7
6 6
18 10
16 9
23 7
6 6
13 7
18 6
16 9
23 7
6 4
13 5
23 11
18 9
16 14
25 7
6 6
13 7
23 9
23 9
6 6
6 6
6 6
6 6
6 6
6 6
6 4
6 6
13 6
13 6
13 6
6 6
13 6
13 6
13 4
13 6
6 6
18 9
16 9
24 7
6 6
13 7
23 9
23 9
24 20
6 6
13 6
18 9
16 9
19 7
6 6
13 7
19 9
19 6
19 15
6 6
13 6
19 19
18 6
16 8
23 7
6 6
13 6
23 8
23 9
23 11
6 6
13 6
23 11
19 6
7 0
7 7
7 5
6 0
7 0
7 5
7 7
7 5
6 0
7 0
7 5
7 0
7 5
18 9
16 9
22 7
6 6
13 13
22 9
22 6
22 16
6 6
13 6
22 15
19 15
22 6
7 0
18 10
16 9
21 7
6 6
13 7
21 15
21 9
21 11
6 6
13 6
21 11
19 9
21 14
7 5
21 9
18 10
16 9
19 7
6 6
13 7
19 15
19 9
19 9
6 6
13 6
19 9
19 9
19 12
7 5
19 9
19 19
18 7
16 7
19 12
6 6
13 7
19 7
19 6
19 7
6 6
13 6
19 7
19 7
19 6
7 5
19 7
19 7
19 7
13 4
13 5
13 5
6 4
13 4
13 5
13 9
13 9
6 4
13 4
13 9
13 4
13 9
7 5
13 4
13 9
13 9
13 5
18 11
16 9
24 7
6 6
13 13
23 10
23 6
24 9
6 6
13 6
24 9
19 9
23 6
7 0
22 13
21 10
19 10
19 7
13 4
18 10
16 9
23 7
6 6
13 7
23 10
23 11
23 9
6 6
13 6
23 13
19 13
23 9
7 5
22 9
21 10
19 9
19 7
13 9
23 10
18 6
16 10
25 7
6 6
13 6
23 9
23 10
25 11
6 6
13 6
24 11
19 6
23 14
7 7
22 6
21 15
19 13
19 6
13 9
24 6
23 9
17 8
16 8
17 7
6 6
13 7
17 8
17 6
17 8
6 6
13 6
17 8
17 8
17 6
7 0
17 8
17 8
17 8
17 7
13 4
17 8
17 8
17 6
18 9
16 9
24 7
6 6
13 7
23 9
23 11
24 15
6 6
13 6
24 19
19 19
23 11
7 5
22 15
21 11
19 9
19 7
13 12
24 9
23 12
24 11
17 8
18 7
16 7
18 12
6 6
13 7
18 7
18 9
18 11
6 6
13 6
18 11
18 7
18 12
7 5
18 7
18 12
18 10
18 12
13 9
18 7
18 9
18 12
17 7
18 11
16 11
16 9
16 7
6 6
13 7
16 10
16 7
16 9
6 6
13 6
16 9
16 9
16 8
7 5
16 9
16 10
16 10
16 7
13 5
16 11
16 10
16 9
16 8
16 9
16 7
14 8
14 8
14 7
6 6
13 7
14 8
14 6
14 8
6 6
13 6
14 8
14 8
14 6
7 0
14 8
14 8
14 8
14 7
13 4
14 8
14 8
14 6
14 8
14 8
14 7
14 8
18 8
16 8
25 7
6 6
13 7
23 8
23 9
28 11
6 6
13 6
24 12
19 12
23 11
7 5
22 8
21 11
19 9
19 7
13 12
24 9
23 12
25 11
17 8
24 15
18 11
16 8
14 14
18 8
16 8
25 7
6 6
13 7
23 8
23 9
28 11
6 6
13 6
24 12
19 12
23 11
7 5
22 8
21 11
19 9
19 7
13 12
24 9
23 12
25 11
17 8
24 15
18 11
16 8
14 14
31 31
6 6
6 6
6 6
6 6
6 6
6 6
6 4
6 6
6 6
6 6
6 6
6 6
6 6
6 0
6 6
6 6
6 6
6 6
6 4
6 6
6 6
6 6
6 6
6 6
6 6
6 6
6 6
6 6
6 6
COMPARISON_DELIMITER
IsoRank_bt=14.0 smsd
4 9
18 7
16 7
2 6
0 6
6 6
9 7
4 7
6 7
0 6
18 10
16 9
23 7
4 6
9 7
18 6
7 9
23 7
6 4
7 5
23 11
18 9
16 14
25 7
6 6
13 7
23 9
23 9
2 6
0 6
6 6
0 6
0 6
4 6
6 4
6 6
2 6
4 6
13 6
0 6
2 6
13 6
7 4
13 6
0 6
18 9
16 9
24 7
6 6
9 7
23 9
23 9
24 20
6 6
13 6
18 9
10 9
19 7
3 6
6 7
19 9
19 6
19 15
1 6
4 6
19 19
18 6
16 8
23 7
6 6
9 6
23 8
23 9
23 11
6 6
6 6
23 11
19 6
2 0
2 7
6 5
0 0
2 0
4 5
2 7
6 5
0 0
2 0
6 5
2 0
6 5
18 9
16 9
22 7
4 6
9 13
22 9
22 6
22 16
4 6
4 6
22 15
19 15
22 6
4 0
18 10
16 9
21 7
4 6
9 7
21 15
21 9
21 11
4 6
4 6
21 11
19 9
21 14
4 5
21 9
18 10
4 9
19 7
4 6
4 7
19 15
19 9
19 9
4 6
4 6
19 9
19 9
19 12
2 5
19 9
19 19
18 7
4 7
19 12
4 6
4 7
19 7
19 6
19 7
4 6
4 6
19 7
19 7
19 6
2 5
19 7
19 7
19 7
4 4
4 5
6 5
0 4
4 4
4 5
7 9
13 9
0 4
4 4
6 9
4 4
6 9
2 5
4 4
4 9
4 9
4 5
18 11
16 9
24 7
4 6
13 13
23 10
23 6
24 9
4 6
13 6
24 9
19 9
23 6
2 0
22 13
21 10
19 10
19 7
11 4
18 10
16 9
23 7
6 6
9 7
23 10
23 11
23 9
6 6
6 6
23 13
19 13
23 9
6 5
22 9
21 10
19 9
19 7
6 9
23 10
18 6
16 10
25 7
6 6
6 6
23 9
23 10
25 11
6 6
13 6
24 11
19 6
23 14
6 7
22 6
21 15
19 13
19 6
6 9
24 6
23 9
17 8
4 8
17 7
1 6
3 7
17 8
17 6
17 8
1 6
3 6
17 8
10 8
17 6
2 0
17 8
17 8
4 8
4 7
4 4
17 8
17 8
17 6
18 9
16 9
24 7
6 6
9 7
23 9
23 11
24 15
6 6
13 6
24 19
19 19
23 11
6 5
22 15
21 11
19 9
19 7
6 12
24 9
23 12
24 11
17 8
18 7
4 7
18 12
0 6
4 7
18 7
18 9
18 11
0 6
4 6
18 11
13 7
18 12
2 5
18 7
18 12
18 10
18 12
4 9
18 7
18 9
18 12
4 7
18 11
16 11
4 9
16 7
0 6
2 7
16 10
16 7
16 9
0 6
2 6
16 9
13 9
16 8
2 5
16 9
16 10
16 10
16 7
4 5
16 11
16 10
16 9
3 8
16 9
4 7
2 8
4 8
14 7
0 6
2 7
14 8
7 6
14 8
0 6
2 6
14 8
10 8
14 6
2 0
14 8
14 8
4 8
4 7
4 4
14 8
14 8
14 6
3 8
14 8
4 7
2 8
18 8
16 8
25 7
6 6
13 7
23 8
23 9
28 11
6 6
13 6
24 12
19 12
23 11
7 5
22 8
21 11
19 9
19 7
13 12
24 9
23 12
25 11
17 8
24 15
18 11
16 8
14 14
18 8
16 8
25 7
6 6
13 7
23 8
23 9
28 11
6 6
13 6
24 12
19 12
23 11
7 5
22 8
21 11
19 9
19 7
13 12
24 9
23 12
25 11
17 8
24 15
18 11
16 8
14 14
31 31
2 6
0 6
6 6
0 6
0 6
4 6
6 4
6 6
0 6
0 6
6 6
1 6
6 6
0 0
4 6
4 6
4 6
4 6
0 4
4 6
6 6
6 6
1 6
6 6
0 6
0 6
0 6
6 6
6 6
COMPARISON_DELIMITER
IsoRank_bt=16.0 smsd
4 9
18 7
6 7
0 6
0 6
6 6
2 7
4 7
6 7
0 6
18 10
4 9
23 7
0 6
4 7
7 6
7 9
23 7
1 4
7 5
23 11
18 9
16 14
25 7
6 6
6 7
23 9
23 9
0 6
0 6
6 6
0 6
0 6
0 6
1 4
6 6
2 6
4 6
6 6
0 6
2 6
4 6
7 4
6 6
0 6
18 9
6 9
24 7
0 6
6 7
23 9
23 9
24 20
0 6
6 6
10 9
4 9
19 7
0 6
4 7
19 9
10 6
19 15
0 6
4 6
10 19
18 6
6 8
23 7
0 6
6 6
23 8
23 9
23 11
0 6
6 6
23 11
10 6
2 0
2 7
2 5
0 0
2 0
2 5
2 7
6 5
0 0
2 0
2 5
2 0
2 5
18 9
4 9
22 7
0 6
4 13
22 9
22 6
22 16
0 6
4 6
22 15
10 15
22 6
2 0
18 10
4 9
21 7
0 6
4 7
21 15
21 9
21 11
0 6
4 6
21 11
10 9
21 14
2 5
21 9
4 10
4 9
19 7
0 6
4 7
19 15
7 9
19 9
0 6
4 6
19 9
4 9
19 12
2 5
19 9
4 19
4 7
4 7
19 12
0 6
4 7
19 7
7 6
19 7
0 6
4 6
19 7
4 7
19 6
2 5
19 7
4 7
4 7
4 4
4 5
6 5
0 4
4 4
4 5
7 9
6 9
0 4
2 4
6 9
4 4
6 9
0 5
4 4
4 9
4 9
4 5
18 11
11 9
24 7
4 6
6 13
23 10
23 6
24 9
0 6
4 6
24 9
17 9
23 6
4 0
22 13
21 10
11 10
17 7
4 4
18 10
6 9
23 7
0 6
6 7
23 10
23 11
23 9
0 6
6 6
23 13
10 13
23 9
2 5
22 9
21 10
19 9
19 7
6 9
23 10
18 6
6 10
25 7
6 6
6 6
23 9
23 10
25 11
6 6
6 6
24 11
19 6
23 14
2 7
22 6
21 15
19 13
19 6
6 9
24 6
23 9
3 8
4 8
6 7
1 6
3 7
4 8
7 6
17 8
1 6
3 6
6 8
4 8
6 6
2 0
4 8
4 8
4 8
4 7
4 4
11 8
6 8
6 6
18 9
6 9
24 7
0 6
6 7
23 9
23 11
24 15
0 6
6 6
24 19
13 19
23 11
2 5
22 15
21 11
19 9
19 7
6 12
24 9
23 12
24 11
6 8
4 7
4 7
18 12
0 6
4 7
18 7
7 9
18 11
0 6
4 6
18 11
4 7
6 12
2 5
4 7
4 12
4 10
4 12
4 9
11 7
6 9
18 12
4 7
18 11
2 11
4 9
16 7
0 6
2 7
16 10
7 7
16 9
0 6
2 6
6 9
4 9
6 8
2 5
4 9
4 10
4 10
4 7
4 5
11 11
6 10
16 9
3 8
6 9
4 7
2 8
4 8
6 7
0 6
2 7
4 8
7 6
14 8
0 6
2 6
6 8
4 8
6 6
2 0
4 8
4 8
4 8
4 7
2 4
14 8
6 8
6 6
3 8
6 8
4 7
2 8
18 8
16 8
25 7
6 6
8 7
23 8
23 9
28 11
6 6
8 6
24 12
19 12
23 11
7 5
22 8
21 11
19 9
19 7
8 12
24 9
23 12
25 11
17 8
24 15
18 11
16 8
14 14
18 8
16 8
25 7
6 6
8 7
23 8
23 9
28 11
6 6
8 6
24 12
19 12
23 11
7 5
22 8
21 11
19 9
19 7
8 12
24 9
23 12
25 11
17 8
24 15
18 11
16 8
14 14
31 31
0 6
0 6
6 6
0 6
0 6
0 6
1 4
6 6
0 6
0 6
0 6
0 6
0 6
0 0
0 6
0 6
0 6
0 6
0 4
4 6
0 6
6 6
1 6
0 6
0 6
0 6
0 6
6 6
6 6
