Did 435 comparisons of structures in 19462ms with SMSD. Average time: 44
Did 435 comparisons of structures in 1439ms with IsoRank. Average time: 3
Did 435 comparisons of structures in 1051ms with IsoRank. Average time: 2
Did 435 comparisons of structures in 1314ms with IsoRank. Average time: 3
Did 435 comparisons of structures in 1137ms with IsoRank. Average time: 2
COMPARISON_DELIMITER
IsoRank_bt=1.0 smsd
16 9
18 7
16 7
6 6
6 6
6 6
13 7
13 7
13 7
6 6
18 10
16 9
23 7
6 6
13 7
18 6
16 9
23 7
6 4
13 5
23 11
18 9
16 14
25 7
6 6
13 7
23 9
23 9
6 6
6 6
6 6
6 6
6 6
6 6
6 4
6 6
13 6
13 6
13 6
6 6
13 6
13 6
13 4
13 6
6 6
18 9
16 9
24 7
6 6
13 7
23 9
23 9
24 20
6 6
13 6
18 9
16 9
19 7
6 6
13 7
19 9
19 6
19 15
6 6
13 6
19 19
18 6
16 8
23 7
6 6
13 6
23 8
23 9
23 11
6 6
13 6
23 11
19 6
7 0
7 7
7 5
6 0
7 0
7 5
7 7
7 5
6 0
7 0
7 5
7 0
7 5
18 9
16 9
22 7
6 6
13 13
22 9
22 6
22 16
6 6
13 6
22 15
19 15
22 6
7 0
18 10
16 9
21 7
6 6
13 7
21 15
21 9
21 11
6 6
13 6
21 11
19 9
21 14
7 5
21 9
18 10
16 9
19 7
6 6
13 7
19 15
19 9
19 9
6 6
13 6
19 9
19 9
19 12
7 5
19 9
19 19
18 7
16 7
19 12
6 6
13 7
19 7
19 6
19 7
6 6
13 6
19 7
19 7
19 6
7 5
19 7
19 7
19 7
13 4
13 5
13 5
6 4
13 4
13 5
13 9
13 9
6 4
13 4
13 9
13 4
13 9
7 5
13 4
13 9
13 9
13 5
18 11
16 9
24 7
6 6
13 13
23 10
23 6
24 9
6 6
13 6
24 9
19 9
23 6
7 0
22 13
21 10
19 10
19 7
13 4
18 10
16 9
23 7
6 6
13 7
23 10
23 11
23 9
6 6
13 6
23 13
19 13
23 9
7 5
22 9
21 10
19 9
19 7
13 9
23 10
18 6
16 10
25 7
6 6
13 6
23 9
23 10
25 11
6 6
13 6
24 11
19 6
23 14
7 7
22 6
21 15
19 13
19 6
13 9
24 6
23 9
17 8
16 8
17 7
6 6
13 7
17 8
17 6
17 8
6 6
13 6
17 8
17 8
17 6
7 0
17 8
17 8
17 8
17 7
13 4
17 8
17 8
17 6
18 9
16 9
24 7
6 6
13 7
23 9
23 11
24 15
6 6
13 6
24 19
19 19
23 11
7 5
22 15
21 11
19 9
19 7
13 12
24 9
23 12
24 11
17 8
18 7
16 7
18 12
6 6
13 7
18 7
18 9
18 11
6 6
13 6
18 11
18 7
18 12
7 5
18 7
18 12
18 10
18 12
13 9
18 7
18 9
18 12
17 7
18 11
16 11
16 9
16 7
6 6
13 7
16 10
16 7
16 9
6 6
13 6
16 9
16 9
16 8
7 5
16 9
16 10
16 10
16 7
13 5
16 11
16 10
16 9
16 8
16 9
16 7
14 8
14 8
14 7
6 6
13 7
14 8
14 6
14 8
6 6
13 6
14 8
14 8
14 6
7 0
14 8
14 8
14 8
14 7
13 4
14 8
14 8
14 6
14 8
14 8
14 7
14 8
18 8
16 8
25 7
6 6
13 7
23 8
23 9
28 11
6 6
13 6
24 12
19 12
23 11
7 5
22 8
21 11
19 9
19 7
13 12
24 9
23 12
25 11
17 8
24 15
18 11
16 8
14 14
18 8
16 8
25 7
6 6
13 7
23 8
23 9
28 11
6 6
13 6
24 12
19 12
23 11
7 5
22 8
21 11
19 9
19 7
13 12
24 9
23 12
25 11
17 8
24 15
18 11
16 8
14 14
31 31
6 6
6 6
6 6
6 6
6 6
6 6
6 4
6 6
6 6
6 6
6 6
6 6
6 6
6 0
6 6
6 6
6 6
6 6
6 4
6 6
6 6
6 6
6 6
6 6
6 6
6 6
6 6
6 6
6 6
COMPARISON_DELIMITER
IsoRank_bt=2.0 smsd
16 9
18 7
16 7
6 6
6 6
6 6
13 7
13 7
13 7
6 6
18 10
16 9
23 7
6 6
13 7
18 6
16 9
23 7
6 4
13 5
23 11
18 9
16 14
25 7
6 6
13 7
23 9
23 9
6 6
6 6
6 6
6 6
6 6
6 6
6 4
6 6
13 6
13 6
13 6
6 6
13 6
13 6
13 4
13 6
6 6
18 9
16 9
24 7
6 6
13 7
23 9
23 9
24 20
6 6
13 6
18 9
16 9
19 7
6 6
13 7
19 9
19 6
19 15
6 6
13 6
19 19
18 6
16 8
23 7
6 6
13 6
23 8
23 9
23 11
6 6
13 6
23 11
19 6
7 0
7 7
7 5
6 0
7 0
7 5
7 7
7 5
6 0
7 0
7 5
7 0
7 5
18 9
16 9
22 7
6 6
13 13
22 9
22 6
22 16
6 6
13 6
22 15
19 15
22 6
7 0
18 10
16 9
21 7
6 6
13 7
21 15
21 9
21 11
6 6
13 6
21 11
19 9
21 14
7 5
21 9
18 10
16 9
19 7
6 6
13 7
19 15
19 9
19 9
6 6
13 6
19 9
19 9
19 12
7 5
19 9
19 19
18 7
16 7
19 12
6 6
13 7
19 7
19 6
19 7
6 6
13 6
19 7
19 7
19 6
7 5
19 7
19 7
19 7
13 4
13 5
13 5
6 4
13 4
13 5
13 9
13 9
6 4
13 4
13 9
13 4
13 9
7 5
13 4
13 9
13 9
13 5
18 11
16 9
24 7
6 6
13 13
23 10
23 6
24 9
6 6
13 6
24 9
19 9
23 6
7 0
22 13
21 10
19 10
19 7
13 4
18 10
16 9
23 7
6 6
13 7
23 10
23 11
23 9
6 6
13 6
23 13
19 13
23 9
7 5
22 9
21 10
19 9
19 7
13 9
23 10
18 6
16 10
25 7
6 6
13 6
23 9
23 10
25 11
6 6
13 6
24 11
19 6
23 14
7 7
22 6
21 15
19 13
19 6
13 9
24 6
23 9
17 8
16 8
17 7
6 6
13 7
17 8
17 6
17 8
6 6
13 6
17 8
17 8
17 6
7 0
17 8
17 8
17 8
17 7
13 4
17 8
17 8
17 6
18 9
16 9
24 7
6 6
13 7
23 9
23 11
24 15
6 6
13 6
24 19
19 19
23 11
7 5
22 15
21 11
19 9
19 7
13 12
24 9
23 12
24 11
17 8
18 7
16 7
18 12
6 6
13 7
18 7
18 9
18 11
6 6
13 6
18 11
18 7
18 12
7 5
18 7
18 12
18 10
18 12
13 9
18 7
18 9
18 12
17 7
18 11
16 11
16 9
16 7
6 6
13 7
16 10
16 7
16 9
6 6
13 6
16 9
16 9
16 8
7 5
16 9
16 10
16 10
16 7
13 5
16 11
16 10
16 9
16 8
16 9
16 7
14 8
14 8
14 7
6 6
13 7
14 8
14 6
14 8
6 6
13 6
14 8
14 8
14 6
7 0
14 8
14 8
14 8
14 7
13 4
14 8
14 8
14 6
14 8
14 8
14 7
14 8
18 8
16 8
25 7
6 6
13 7
23 8
23 9
28 11
6 6
13 6
24 12
19 12
23 11
7 5
22 8
21 11
19 9
19 7
13 12
24 9
23 12
25 11
17 8
24 15
18 11
16 8
14 14
18 8
16 8
25 7
6 6
13 7
23 8
23 9
28 11
6 6
13 6
24 12
19 12
23 11
7 5
22 8
21 11
19 9
19 7
13 12
24 9
23 12
25 11
17 8
24 15
18 11
16 8
14 14
31 31
6 6
6 6
6 6
6 6
6 6
6 6
6 4
6 6
6 6
6 6
6 6
6 6
6 6
6 0
6 6
6 6
6 6
6 6
6 4
6 6
6 6
6 6
6 6
6 6
6 6
6 6
6 6
6 6
6 6
COMPARISON_DELIMITER
IsoRank_bt=14.0 smsd
16 9
18 7
16 7
0 6
0 6
0 6
13 7
13 7
13 7
0 6
18 10
16 9
23 7
0 6
13 7
18 6
16 9
23 7
0 4
13 5
23 11
18 9
16 14
25 7
0 6
13 7
23 9
23 9
0 6
0 6
0 6
0 6
0 6
0 6
0 4
0 6
13 6
13 6
13 6
0 6
0 6
13 6
13 4
13 6
0 6
18 9
16 9
24 7
0 6
13 7
23 9
23 9
24 20
0 6
13 6
18 9
16 9
19 7
0 6
13 7
19 9
19 6
19 15
0 6
13 6
19 19
18 6
16 8
23 7
0 6
13 6
23 8
23 9
23 11
0 6
13 6
23 11
19 6
0 0
0 7
0 5
0 0
0 0
0 5
0 7
7 5
0 0
0 0
0 5
0 0
0 5
18 9
16 9
22 7
0 6
13 13
22 9
22 6
22 16
0 6
13 6
22 15
19 15
22 6
0 0
18 10
16 9
21 7
0 6
13 7
21 15
21 9
21 11
0 6
13 6
21 11
19 9
21 14
0 5
21 9
18 10
16 9
19 7
0 6
13 7
19 15
19 9
19 9
0 6
13 6
19 9
19 9
19 12
0 5
19 9
19 19
18 7
16 7
19 12
0 6
13 7
19 7
19 6
19 7
0 6
13 6
19 7
19 7
19 6
0 5
19 7
19 7
19 7
13 4
13 5
13 5
0 4
0 4
13 5
13 9
13 9
0 4
0 4
13 9
13 4
13 9
0 5
13 4
13 9
13 9
13 5
18 11
16 9
24 7
0 6
13 13
23 10
23 6
24 9
0 6
13 6
24 9
19 9
23 6
0 0
22 13
21 10
19 10
19 7
13 4
18 10
16 9
23 7
0 6
13 7
23 10
23 11
23 9
0 6
13 6
23 13
19 13
23 9
0 5
22 9
21 10
19 9
19 7
13 9
23 10
18 6
16 10
25 7
0 6
13 6
23 9
23 10
25 11
0 6
13 6
24 11
19 6
23 14
0 7
22 6
21 15
19 13
19 6
13 9
24 6
23 9
17 8
16 8
17 7
0 6
13 7
17 8
17 6
17 8
0 6
13 6
17 8
17 8
17 6
0 0
17 8
17 8
17 8
17 7
13 4
17 8
17 8
17 6
18 9
16 9
24 7
0 6
13 7
23 9
23 11
24 15
0 6
13 6
24 19
19 19
23 11
0 5
22 15
21 11
19 9
19 7
13 12
24 9
23 12
24 11
17 8
18 7
16 7
18 12
0 6
13 7
18 7
18 9
18 11
0 6
13 6
18 11
18 7
18 12
0 5
18 7
18 12
18 10
18 12
13 9
18 7
18 9
18 12
17 7
18 11
16 11
16 9
16 7
0 6
13 7
16 10
16 7
16 9
0 6
13 6
16 9
16 9
16 8
0 5
16 9
16 10
16 10
16 7
13 5
16 11
16 10
16 9
16 8
16 9
16 7
14 8
14 8
14 7
0 6
0 7
14 8
14 6
14 8
0 6
0 6
14 8
14 8
14 6
0 0
14 8
14 8
14 8
14 7
0 4
14 8
14 8
14 6
14 8
14 8
14 7
14 8
18 8
16 8
25 7
0 6
13 7
23 8
23 9
28 11
0 6
13 6
24 12
19 12
23 11
7 5
22 8
21 11
19 9
19 7
13 12
24 9
23 12
25 11
17 8
24 15
18 11
16 8
14 14
18 8
16 8
25 7
0 6
13 7
23 8
23 9
28 11
0 6
13 6
24 12
19 12
23 11
7 5
22 8
21 11
19 9
19 7
13 12
24 9
23 12
25 11
17 8
24 15
18 11
16 8
14 14
31 31
0 6
0 6
0 6
0 6
0 6
0 6
0 4
0 6
0 6
0 6
0 6
0 6
0 6
0 0
0 6
0 6
0 6
0 6
0 4
0 6
0 6
0 6
0 6
0 6
0 6
0 6
0 6
0 6
0 6
COMPARISON_DELIMITER
IsoRank_bt=16.0 smsd
16 9
18 7
16 7
0 6
0 6
0 6
0 7
0 7
13 7
0 6
18 10
16 9
23 7
0 6
13 7
18 6
16 9
23 7
0 4
13 5
23 11
18 9
16 14
25 7
0 6
13 7
23 9
23 9
0 6
0 6
0 6
0 6
0 6
0 6
0 4
0 6
0 6
0 6
13 6
0 6
0 6
13 6
13 4
13 6
0 6
18 9
16 9
24 7
0 6
13 7
23 9
23 9
24 20
0 6
13 6
18 9
16 9
19 7
0 6
0 7
19 9
19 6
19 15
0 6
0 6
19 19
18 6
16 8
23 7
0 6
13 6
23 8
23 9
23 11
0 6
13 6
23 11
19 6
0 0
0 7
0 5
0 0
0 0
0 5
0 7
0 5
0 0
0 0
0 5
0 0
0 5
18 9
16 9
22 7
0 6
13 13
22 9
22 6
22 16
0 6
13 6
22 15
19 15
22 6
0 0
18 10
16 9
21 7
0 6
13 7
21 15
21 9
21 11
0 6
13 6
21 11
19 9
21 14
0 5
21 9
18 10
16 9
19 7
0 6
0 7
19 15
19 9
19 9
0 6
0 6
19 9
19 9
19 12
0 5
19 9
19 19
18 7
16 7
19 12
0 6
0 7
19 7
19 6
19 7
0 6
0 6
19 7
19 7
19 6
0 5
19 7
19 7
19 7
0 4
0 5
13 5
0 4
0 4
13 5
13 9
13 9
0 4
0 4
13 9
0 4
13 9
0 5
13 4
13 9
0 9
0 5
18 11
16 9
24 7
0 6
13 13
23 10
23 6
24 9
0 6
13 6
24 9
19 9
23 6
0 0
22 13
21 10
19 10
19 7
13 4
18 10
16 9
23 7
0 6
13 7
23 10
23 11
23 9
0 6
13 6
23 13
19 13
23 9
0 5
22 9
21 10
19 9
19 7
13 9
23 10
18 6
16 10
25 7
0 6
13 6
23 9
23 10
25 11
0 6
13 6
24 11
19 6
23 14
0 7
22 6
21 15
19 13
19 6
13 9
24 6
23 9
17 8
16 8
17 7
0 6
0 7
17 8
17 6
17 8
0 6
0 6
17 8
17 8
17 6
0 0
17 8
17 8
17 8
17 7
0 4
17 8
17 8
17 6
18 9
16 9
24 7
0 6
13 7
23 9
23 11
24 15
0 6
13 6
24 19
19 19
23 11
0 5
22 15
21 11
19 9
19 7
13 12
24 9
23 12
24 11
17 8
18 7
16 7
18 12
0 6
0 7
18 7
18 9
18 11
0 6
0 6
18 11
18 7
18 12
0 5
18 7
18 12
18 10
18 12
0 9
18 7
18 9
18 12
17 7
18 11
16 11
2 9
16 7
0 6
0 7
16 10
16 7
16 9
0 6
0 6
16 9
16 9
16 8
0 5
16 9
16 10
16 10
16 7
0 5
16 11
16 10
16 9
16 8
16 9
16 7
0 8
0 8
14 7
0 6
0 7
14 8
14 6
14 8
0 6
0 6
14 8
14 8
14 6
0 0
14 8
14 8
14 8
14 7
0 4
14 8
14 8
14 6
0 8
14 8
0 7
0 8
18 8
16 8
25 7
0 6
13 7
23 8
23 9
28 11
0 6
13 6
24 12
19 12
23 11
0 5
22 8
21 11
19 9
19 7
13 12
24 9
23 12
25 11
17 8
24 15
18 11
16 8
14 14
18 8
16 8
25 7
0 6
13 7
23 8
23 9
28 11
0 6
13 6
24 12
19 12
23 11
0 5
22 8
21 11
19 9
19 7
13 12
24 9
23 12
25 11
17 8
24 15
18 11
16 8
14 14
31 31
0 6
0 6
0 6
0 6
0 6
0 6
0 4
0 6
0 6
0 6
0 6
0 6
0 6
0 0
0 6
0 6
0 6
0 6
0 4
0 6
0 6
0 6
0 6
0 6
0 6
0 6
0 6
0 6
0 6
