Did 435 comparisons of structures in 16531ms with SMSD. Average time: 38
Did 435 comparisons of structures in 227882ms with IsoRank. Average time: 523
Did 435 comparisons of structures in 227027ms with IsoRank. Average time: 521
Did 435 comparisons of structures in 227137ms with IsoRank. Average time: 522
Did 435 comparisons of structures in 227090ms with IsoRank. Average time: 522
COMPARISON_DELIMITER
IsoRank_bt=2.0 smsd
11 9
18 7
13 7
6 6
6 6
6 6
13 7
11 7
13 7
6 6
18 10
11 9
22 7
6 6
13 7
18 6
11 9
23 7
6 4
13 5
20 11
18 9
12 14
21 7
6 6
13 7
18 9
18 9
6 6
6 6
6 6
6 6
6 6
6 6
6 4
6 6
13 6
10 6
13 6
6 6
13 6
13 6
13 4
13 6
6 6
18 9
11 9
24 7
6 6
13 7
20 9
20 9
20 20
6 6
13 6
16 9
11 9
16 7
6 6
13 7
14 9
14 6
14 15
6 6
13 6
15 19
18 6
13 8
23 7
6 6
13 6
20 8
21 9
20 11
6 6
13 6
20 11
14 6
7 0
7 7
7 5
6 0
7 0
7 5
7 7
7 5
6 0
7 0
7 5
7 0
7 5
18 9
11 9
22 7
6 6
13 13
18 9
18 6
19 16
6 6
13 6
21 15
14 15
19 6
7 0
16 10
11 9
18 7
6 6
13 7
16 15
16 9
15 11
6 6
13 6
16 11
13 9
18 14
7 5
16 9
14 10
11 9
16 7
6 6
12 7
13 15
14 9
13 9
6 6
12 6
13 9
12 9
14 12
7 5
13 9
13 19
18 7
11 7
19 12
6 6
13 7
18 7
19 6
19 7
6 6
13 6
19 7
14 7
19 6
7 5
19 7
14 7
13 7
13 4
11 5
13 5
6 4
13 4
13 5
13 9
13 9
6 4
13 4
13 9
13 4
13 9
7 5
13 4
13 9
13 9
13 5
18 11
11 9
19 7
6 6
13 13
16 10
16 6
16 9
6 6
13 6
19 9
15 9
18 6
7 0
17 13
15 10
14 10
17 7
13 4
18 10
11 9
23 7
6 6
13 7
20 10
20 11
21 9
6 6
13 6
22 13
14 13
20 9
7 5
21 9
16 10
14 9
19 7
13 9
17 10
18 6
13 10
25 7
6 6
13 6
23 9
23 10
22 11
6 6
13 6
24 11
16 6
23 14
7 7
22 6
20 15
16 13
19 6
13 9
19 6
23 9
14 8
11 8
16 7
6 6
13 7
14 8
14 6
14 8
6 6
12 6
14 8
12 8
15 6
7 0
14 8
13 8
12 8
13 7
13 4
14 8
14 8
16 6
18 9
11 9
19 7
6 6
13 7
18 9
17 11
18 15
6 6
13 6
19 19
14 19
18 11
7 5
17 15
15 11
13 9
18 7
13 12
17 9
19 12
19 11
14 8
18 7
11 7
18 12
6 6
13 7
18 7
18 9
18 11
6 6
13 6
18 11
14 7
18 12
7 5
17 7
15 12
12 10
18 12
13 9
16 7
18 9
18 12
14 7
17 11
16 11
11 9
16 7
6 6
13 7
16 10
16 7
16 9
6 6
13 6
16 9
14 9
16 8
7 5
16 9
16 10
13 10
16 7
13 5
16 11
16 10
16 9
14 8
16 9
16 7
14 8
11 8
14 7
6 6
13 7
14 8
14 6
14 8
6 6
13 6
14 8
14 8
14 6
7 0
14 8
14 8
14 8
14 7
13 4
14 8
14 8
14 6
14 8
14 8
14 7
14 8
18 8
13 8
21 7
6 6
13 7
18 8
18 9
18 11
6 6
13 6
18 12
15 12
20 11
7 5
17 8
16 11
15 9
18 7
13 12
16 9
18 12
22 11
15 8
17 15
17 11
16 8
14 14
18 8
13 8
21 7
6 6
13 7
18 8
18 9
18 11
6 6
13 6
18 12
15 12
20 11
7 5
17 8
16 11
15 9
18 7
13 12
16 9
18 12
22 11
15 8
17 15
17 11
16 8
14 14
18 31
6 6
6 6
6 6
6 6
6 6
6 6
6 4
6 6
6 6
6 6
6 6
6 6
6 6
6 0
6 6
6 6
6 6
6 6
6 4
6 6
6 6
6 6
6 6
6 6
6 6
6 6
6 6
6 6
6 6
COMPARISON_DELIMITER
IsoRank_bt=4.0 smsd
10 9
18 7
11 7
6 6
6 6
6 6
13 7
9 7
13 7
6 6
18 10
10 9
18 7
6 6
13 7
17 6
10 9
20 7
6 4
13 5
17 11
18 9
11 14
20 7
6 6
13 7
15 9
15 9
6 6
6 6
6 6
6 6
6 6
6 6
6 4
6 6
13 6
9 6
13 6
6 6
11 6
12 6
13 4
13 6
6 6
18 9
10 9
22 7
6 6
13 7
18 9
16 9
18 20
6 6
13 6
14 9
10 9
14 7
6 6
12 7
12 9
13 6
13 15
6 6
11 6
13 19
18 6
11 8
20 7
6 6
13 6
18 8
18 9
18 11
6 6
13 6
18 11
13 6
7 0
7 7
7 5
6 0
7 0
7 5
7 7
7 5
6 0
7 0
7 5
7 0
7 5
18 9
10 9
18 7
6 6
13 13
17 9
15 6
17 16
6 6
13 6
17 15
13 15
17 6
7 0
14 10
10 9
16 7
6 6
13 7
13 15
14 9
14 11
6 6
12 6
14 11
12 9
15 14
7 5
14 9
12 10
10 9
13 7
6 6
11 7
12 15
12 9
12 9
6 6
10 6
12 9
11 9
12 12
7 5
11 9
11 19
18 7
9 7
19 12
6 6
13 7
15 7
15 6
15 7
6 6
13 6
18 7
13 7
18 6
7 5
17 7
13 7
11 7
13 4
9 5
13 5
6 4
13 4
13 5
13 9
13 9
6 4
10 4
13 9
12 4
13 9
7 5
13 4
13 9
11 9
13 5
16 11
11 9
16 7
6 6
13 13
15 10
15 6
15 9
6 6
13 6
16 9
14 9
16 6
7 0
16 13
14 10
11 10
15 7
13 4
18 10
10 9
21 7
6 6
13 7
18 10
16 11
18 9
6 6
13 6
20 13
13 13
18 9
7 5
17 9
14 10
12 9
18 7
13 9
16 10
18 6
11 10
24 7
6 6
13 6
20 9
22 10
20 11
6 6
13 6
22 11
14 6
22 14
7 7
19 6
16 15
14 13
19 6
13 9
17 6
22 9
12 8
9 8
14 7
6 6
11 7
12 8
12 6
12 8
6 6
10 6
12 8
11 8
12 6
7 0
12 8
12 8
11 8
12 7
9 4
12 8
12 8
14 6
17 9
10 9
17 7
6 6
13 7
16 9
15 11
16 15
6 6
13 6
17 19
13 19
17 11
7 5
17 15
13 11
12 9
16 7
13 12
16 9
17 12
18 11
12 8
17 7
10 7
17 12
6 6
13 7
15 7
15 9
15 11
6 6
12 6
15 11
12 7
18 12
7 5
15 7
13 12
11 10
15 12
13 9
15 7
15 9
18 12
11 7
15 11
16 11
9 9
16 7
6 6
13 7
16 10
15 7
15 9
6 6
13 6
16 9
13 9
16 8
7 5
16 9
13 10
11 10
16 7
13 5
16 11
16 10
16 9
12 8
16 9
15 7
14 8
9 8
14 7
6 6
13 7
14 8
14 6
14 8
6 6
12 6
14 8
12 8
14 6
7 0
14 8
14 8
11 8
14 7
13 4
14 8
14 8
14 6
12 8
14 8
14 7
14 8
17 8
11 8
18 7
6 6
13 7
16 8
16 9
16 11
6 6
13 6
16 12
14 12
18 11
7 5
16 8
15 11
13 9
16 7
13 12
16 9
16 12
19 11
14 8
16 15
15 11
16 8
14 14
17 8
11 8
18 7
6 6
13 7
16 8
16 9
16 11
6 6
13 6
16 12
14 12
18 11
7 5
16 8
15 11
13 9
16 7
13 12
16 9
16 12
19 11
14 8
16 15
15 11
16 8
14 14
16 31
6 6
6 6
6 6
6 6
6 6
6 6
6 4
6 6
6 6
6 6
6 6
6 6
6 6
6 0
6 6
6 6
6 6
6 6
6 4
6 6
6 6
6 6
6 6
6 6
6 6
6 6
6 6
6 6
6 6
COMPARISON_DELIMITER
IsoRank_bt=8.0 smsd
8 9
18 7
9 7
6 6
6 6
6 6
12 7
8 7
13 7
6 6
12 10
9 9
16 7
6 6
11 7
14 6
9 9
16 7
6 4
13 5
13 11
15 9
9 14
16 7
6 6
12 7
12 9
13 9
6 6
6 6
6 6
0 6
6 6
6 6
6 4
6 6
10 6
8 6
12 6
6 6
8 6
10 6
10 4
12 6
6 6
16 9
9 9
16 7
6 6
11 7
12 9
13 9
13 20
6 6
10 6
11 9
8 9
12 7
6 6
11 7
11 9
11 6
12 15
6 6
10 6
11 19
16 6
9 8
18 7
6 6
10 6
14 8
15 9
14 11
6 6
10 6
13 11
11 6
7 0
7 7
7 5
0 0
7 0
7 5
7 7
7 5
0 0
6 0
7 5
7 0
7 5
16 9
9 9
16 7
6 6
11 13
12 9
13 6
13 16
6 6
10 6
15 15
11 15
13 6
7 0
13 10
9 9
13 7
6 6
11 7
12 15
13 9
12 11
6 6
9 6
12 11
11 9
13 14
7 5
12 9
10 10
8 9
11 7
6 6
10 7
10 15
10 9
11 9
6 6
10 6
11 9
10 9
11 12
7 5
11 9
10 19
13 7
9 7
16 12
6 6
9 7
12 7
13 6
13 7
6 6
9 6
13 7
11 7
13 6
7 5
13 7
12 7
10 7
9 4
8 5
13 5
5 4
7 4
9 5
10 9
12 9
5 4
8 4
11 9
9 4
12 9
5 5
11 4
9 9
9 9
9 5
15 11
9 9
15 7
6 6
11 13
12 10
13 6
14 9
6 6
11 6
15 9
11 9
14 6
7 0
14 13
12 10
11 10
13 7
11 4
16 10
9 9
16 7
6 6
10 7
12 10
13 11
13 9
6 6
10 6
13 13
11 13
14 9
7 5
13 9
13 10
11 9
13 7
10 9
14 10
18 6
9 10
20 7
6 6
13 6
16 9
18 10
15 11
6 6
12 6
17 11
12 6
20 14
7 7
17 6
13 15
11 13
15 6
13 9
15 6
17 9
8 8
8 8
12 7
6 6
7 7
9 8
10 6
11 8
6 6
8 6
10 8
8 8
11 6
5 0
10 8
9 8
8 8
9 7
7 4
11 8
10 8
11 6
13 9
9 9
16 7
6 6
13 7
13 9
13 11
13 15
6 6
10 6
13 19
12 19
13 11
7 5
13 15
13 11
11 9
13 7
10 12
13 9
13 12
15 11
10 8
12 7
8 7
15 12
6 6
10 7
10 7
12 9
12 11
6 6
10 6
12 11
11 7
14 12
7 5
11 7
11 12
10 10
10 12
9 9
12 7
12 9
15 12
8 7
13 11
15 11
8 9
16 7
6 6
9 7
12 10
13 7
13 9
6 6
8 6
13 9
11 9
13 8
7 5
13 9
12 10
10 10
13 7
9 5
13 11
13 10
16 9
8 8
13 9
11 7
14 8
8 8
14 7
6 6
8 7
12 8
13 6
13 8
6 6
8 6
12 8
11 8
14 6
7 0
12 8
11 8
10 8
12 7
8 4
14 8
14 8
14 6
8 8
13 8
10 7
12 8
16 8
9 8
16 7
6 6
13 7
15 8
15 9
15 11
6 6
12 6
15 12
12 12
16 11
7 5
15 8
13 11
11 9
15 7
13 12
15 9
15 12
16 11
12 8
15 15
15 11
15 8
14 14
16 8
9 8
16 7
6 6
13 7
15 8
15 9
15 11
6 6
12 6
15 12
12 12
16 11
7 5
15 8
13 11
11 9
15 7
13 12
15 9
15 12
16 11
12 8
15 15
15 11
15 8
14 14
15 31
6 6
6 6
6 6
0 6
6 6
6 6
6 4
6 6
0 6
6 6
6 6
6 6
6 6
0 0
6 6
6 6
6 6
6 6
5 4
6 6
6 6
6 6
6 6
6 6
6 6
6 6
6 6
6 6
6 6
COMPARISON_DELIMITER
IsoRank_bt=10.0 smsd
8 9
16 7
9 7
6 6
6 6
6 6
11 7
7 7
13 7
3 6
12 10
8 9
13 7
6 6
9 7
13 6
8 9
16 7
6 4
11 5
12 11
13 9
9 14
15 7
6 6
12 7
12 9
13 9
6 6
6 6
6 6
0 6
3 6
6 6
6 4
6 6
8 6
8 6
10 6
2 6
7 6
9 6
10 4
10 6
2 6
15 9
8 9
16 7
6 6
11 7
12 9
13 9
12 20
6 6
10 6
11 9
8 9
12 7
6 6
10 7
11 9
11 6
12 15
6 6
8 6
11 19
13 6
8 8
16 7
6 6
10 6
12 8
13 9
12 11
6 6
10 6
12 11
11 6
7 0
7 7
7 5
0 0
3 0
7 5
7 7
7 5
0 0
3 0
7 5
7 0
7 5
14 9
8 9
16 7
6 6
11 13
11 9
13 6
12 16
6 6
10 6
12 15
11 15
11 6
7 0
12 10
8 9
13 7
6 6
9 7
11 15
11 9
12 11
6 6
9 6
11 11
11 9
12 14
7 5
11 9
10 10
8 9
11 7
6 6
10 7
10 15
10 9
11 9
6 6
8 6
10 9
10 9
10 12
7 5
10 9
10 19
12 7
8 7
13 12
6 6
9 7
9 7
13 6
12 7
6 6
9 6
11 7
10 7
13 6
7 5
11 7
9 7
10 7
9 4
7 5
11 5
4 4
5 4
9 5
9 9
11 9
4 4
6 4
9 9
9 4
9 9
4 5
9 4
9 9
8 9
9 5
14 11
9 9
15 7
6 6
11 13
11 10
13 6
12 9
6 6
10 6
12 9
11 9
13 6
7 0
11 13
11 10
11 10
13 7
11 4
13 10
8 9
16 7
6 6
10 7
12 10
13 11
13 9
6 6
9 6
12 13
11 13
13 9
7 5
11 9
12 10
10 9
12 7
9 9
13 10
17 6
9 10
18 7
6 6
11 6
13 9
16 10
15 11
6 6
10 6
16 11
11 6
18 14
7 7
15 6
13 15
11 13
13 6
10 9
15 6
15 9
8 8
7 8
10 7
5 6
7 7
8 8
8 6
10 8
5 6
7 6
8 8
8 8
8 6
5 0
8 8
8 8
8 8
8 7
5 4
8 8
8 8
10 6
13 9
8 9
15 7
6 6
11 7
12 9
13 11
13 15
6 6
10 6
13 19
11 19
13 11
7 5
13 15
12 11
10 9
13 7
9 12
13 9
13 12
14 11
9 8
10 7
8 7
14 12
6 6
10 7
10 7
10 9
12 11
6 6
8 6
11 11
10 7
11 12
7 5
11 7
10 12
10 10
10 12
9 9
11 7
10 9
12 12
8 7
11 11
12 11
8 9
15 7
6 6
7 7
10 10
13 7
12 9
6 6
8 6
11 9
11 9
11 8
5 5
11 9
11 10
10 10
9 7
7 5
13 11
12 10
15 9
7 8
13 9
10 7
12 8
8 8
14 7
4 6
8 7
9 8
12 6
12 8
4 6
8 6
11 8
11 8
12 6
4 0
11 8
9 8
10 8
9 7
8 4
11 8
12 8
14 6
7 8
12 8
10 7
8 8
15 8
9 8
16 7
6 6
13 7
13 8
15 9
15 11
6 6
10 6
15 12
12 12
15 11
7 5
15 8
13 11
11 9
13 7
12 12
15 9
15 12
16 11
11 8
13 15
13 11
15 8
14 14
15 8
9 8
16 7
6 6
13 7
13 8
15 9
15 11
6 6
10 6
15 12
12 12
15 11
7 5
15 8
13 11
11 9
13 7
12 12
15 9
15 12
16 11
11 8
13 15
13 11
15 8
14 14
15 31
6 6
6 6
6 6
0 6
3 6
6 6
6 4
6 6
0 6
2 6
6 6
6 6
6 6
0 0
6 6
6 6
6 6
6 6
4 4
6 6
6 6
6 6
5 6
6 6
6 6
6 6
4 6
6 6
6 6
