Did 435 comparisons of structures in 20257ms with SMSD. Average time: 46
Did 435 comparisons of structures in 170134ms with IsoRank. Average time: 391
COMPARISON_DELIMITER
IsoRank_bt=10.0 smsd
8 9
16 7
9 7
6 6
6 6
6 6
11 7
7 7
13 7
3 6
12 10
9 9
16 7
6 6
9 7
13 6
9 9
16 7
6 4
11 5
14 11
14 9
9 14
18 7
6 6
12 7
14 9
18 9
6 6
6 6
6 6
0 6
3 6
6 6
6 4
6 6
8 6
8 6
10 6
2 6
7 6
10 6
10 4
10 6
2 6
15 9
8 9
16 7
6 6
11 7
12 9
13 9
12 20
6 6
10 6
11 9
8 9
12 7
6 6
10 7
11 9
11 6
12 15
6 6
8 6
11 19
15 6
9 8
18 7
6 6
10 6
15 8
16 9
20 11
6 6
10 6
12 11
11 6
7 0
6 7
7 5
0 0
3 0
7 5
7 7
7 5
0 0
3 0
7 5
7 0
7 5
14 9
8 9
16 7
6 6
11 13
11 9
13 6
14 16
6 6
9 6
12 15
11 15
14 6
7 0
12 10
8 9
14 7
6 6
9 7
11 15
13 9
13 11
6 6
9 6
11 11
11 9
14 14
7 5
11 9
10 10
8 9
11 7
6 6
10 7
10 15
11 9
11 9
6 6
8 6
10 9
10 9
12 12
7 5
10 9
10 19
12 7
8 7
13 12
6 6
9 7
9 7
11 6
13 7
6 6
9 6
11 7
11 7
13 6
7 5
11 7
9 7
10 7
9 4
7 5
11 5
4 4
7 4
9 5
9 9
11 9
4 4
6 4
9 9
9 4
9 9
4 5
9 4
9 9
8 9
9 5
14 11
8 9
15 7
6 6
11 13
11 10
13 6
12 9
6 6
10 6
13 9
11 9
11 6
7 0
13 13
12 10
11 10
13 7
11 4
16 10
9 9
18 7
6 6
10 7
14 10
17 11
18 9
6 6
10 6
12 13
11 13
18 9
7 5
11 9
13 10
11 9
13 7
9 9
13 10
18 6
10 10
18 7
6 6
11 6
18 9
18 10
20 11
6 6
10 6
15 11
11 6
20 14
7 7
15 6
15 15
12 13
13 6
10 9
15 6
19 9
8 8
8 8
11 7
5 6
7 7
9 8
9 6
11 8
5 6
7 6
8 8
8 8
9 6
5 0
8 8
9 8
8 8
8 7
7 4
10 8
8 8
10 6
13 9
9 9
14 7
6 6
11 7
13 9
13 11
14 15
6 6
10 6
13 19
11 19
13 11
7 5
13 15
13 11
10 9
13 7
9 12
13 9
13 12
13 11
9 8
10 7
8 7
14 12
6 6
7 7
10 7
11 9
14 11
6 6
8 6
11 11
10 7
14 12
7 5
11 7
10 12
10 10
10 12
9 9
11 7
12 9
14 12
8 7
10 11
12 11
8 9
16 7
6 6
7 7
11 10
13 7
12 9
6 6
8 6
11 9
11 9
13 8
4 5
11 9
11 10
10 10
10 7
9 5
11 11
14 10
15 9
7 8
13 9
10 7
12 8
8 8
14 7
4 6
8 7
10 8
13 6
14 8
4 6
8 6
11 8
11 8
14 6
4 0
11 8
9 8
8 8
9 7
7 4
12 8
14 8
14 6
8 8
13 8
10 7
10 8
15 8
9 8
16 7
6 6
13 7
15 8
16 9
16 11
6 6
10 6
15 12
12 12
18 11
7 5
15 8
14 11
11 9
13 7
13 12
15 9
16 12
20 11
11 8
15 15
14 11
15 8
14 14
15 8
9 8
16 7
6 6
13 7
15 8
16 9
16 11
6 6
10 6
15 12
12 12
18 11
7 5
15 8
14 11
11 9
13 7
13 12
15 9
16 12
20 11
11 8
15 15
14 11
15 8
14 14
16 31
6 6
6 6
6 6
0 6
3 6
6 6
6 4
6 6
0 6
2 6
6 6
6 6
6 6
0 0
6 6
6 6
6 6
6 6
4 4
6 6
6 6
6 6
5 6
6 6
6 6
6 6
4 6
6 6
6 6
