Did 435 comparisons of structures in 20187ms with SMSD. Average time: 46
Did 435 comparisons of structures in 246698ms with IsoRank. Average time: 567
COMPARISON_DELIMITER
IsoRank_bt=10.0 smsd
8 9
16 7
9 7
6 6
6 6
6 6
8 7
7 7
13 7
3 6
12 10
8 9
13 7
6 6
9 7
13 6
8 9
14 7
6 4
10 5
12 11
13 9
9 14
15 7
6 6
12 7
12 9
13 9
6 6
6 6
6 6
0 6
3 6
6 6
6 4
6 6
8 6
8 6
10 6
2 6
7 6
9 6
10 4
10 6
2 6
15 9
8 9
16 7
6 6
11 7
12 9
13 9
12 20
6 6
10 6
11 9
8 9
12 7
6 6
8 7
11 9
11 6
12 15
6 6
8 6
11 19
13 6
8 8
16 7
6 6
10 6
10 8
13 9
12 11
6 6
8 6
12 11
11 6
7 0
7 7
7 5
0 0
3 0
7 5
7 7
7 5
0 0
3 0
7 5
7 0
7 5
14 9
8 9
16 7
6 6
11 13
11 9
13 6
12 16
6 6
10 6
12 15
11 15
11 6
7 0
12 10
8 9
13 7
6 6
9 7
11 15
12 9
12 11
6 6
8 6
11 11
11 9
11 14
7 5
11 9
10 10
8 9
11 7
6 6
7 7
10 15
10 9
11 9
6 6
8 6
10 9
10 9
10 12
7 5
10 9
10 19
12 7
8 7
13 12
6 6
9 7
9 7
13 6
12 7
6 6
9 6
11 7
10 7
10 6
7 5
11 7
9 7
10 7
9 4
7 5
11 5
4 4
7 4
9 5
9 9
11 9
4 4
6 4
9 9
9 4
9 9
4 5
9 4
9 9
8 9
9 5
14 11
9 9
15 7
6 6
11 13
11 10
13 6
13 9
6 6
10 6
13 9
11 9
13 6
7 0
13 13
11 10
11 10
13 7
9 4
12 10
9 9
15 7
6 6
10 7
10 10
13 11
12 9
6 6
9 6
12 13
11 13
10 9
7 5
11 9
11 10
10 9
10 7
9 9
13 10
17 6
9 10
17 7
6 6
13 6
12 9
13 10
14 11
6 6
10 6
16 11
11 6
14 14
7 7
15 6
13 15
11 13
13 6
9 9
15 6
13 9
8 8
7 8
10 7
5 6
7 7
8 8
8 6
10 8
5 6
7 6
8 8
8 8
8 6
5 0
8 8
8 8
8 8
8 7
7 4
8 8
9 8
9 6
13 9
8 9
15 7
6 6
11 7
12 9
13 11
13 15
6 6
10 6
13 19
11 19
13 11
7 5
13 15
12 11
10 9
13 7
9 12
13 9
13 12
13 11
9 8
10 7
8 7
14 12
6 6
10 7
10 7
10 9
12 11
6 6
8 6
11 11
10 7
10 12
7 5
11 7
10 12
10 10
10 12
9 9
11 7
10 9
12 12
8 7
11 11
12 11
8 9
15 7
6 6
7 7
10 10
13 7
12 9
6 6
8 6
11 9
11 9
10 8
7 5
11 9
11 10
10 10
9 7
7 5
11 11
11 10
13 9
7 8
13 9
10 7
12 8
8 8
14 7
4 6
7 7
9 8
12 6
12 8
4 6
8 6
11 8
11 8
10 6
4 0
11 8
9 8
10 8
9 7
8 4
12 8
10 8
14 6
7 8
12 8
10 7
8 8
15 8
9 8
16 7
6 6
13 7
13 8
14 9
15 11
6 6
10 6
15 12
12 12
15 11
7 5
15 8
13 11
11 9
13 7
12 12
15 9
15 12
15 11
11 8
13 15
12 11
15 8
14 14
15 8
9 8
16 7
6 6
13 7
13 8
14 9
15 11
6 6
10 6
15 12
12 12
15 11
7 5
15 8
13 11
11 9
13 7
12 12
15 9
15 12
15 11
11 8
13 15
12 11
15 8
14 14
15 31
6 6
6 6
6 6
0 6
3 6
6 6
6 4
6 6
0 6
2 6
6 6
6 6
6 6
0 0
6 6
6 6
6 6
6 6
4 4
6 6
6 6
6 6
5 6
6 6
6 6
6 6
4 6
6 6
6 6
