Did 435 comparisons of structures in 17381ms with SMSD. Average time: 39
Did 435 comparisons of structures in 867ms with IsoRank. Average time: 1
COMPARISON_DELIMITER
IsoRank_bt=10.0 smsd
8 9
18 7
11 7
6 6
6 6
6 6
8 7
7 7
13 7
3 6
17 10
10 9
19 7
6 6
12 7
18 6
11 9
20 7
6 4
13 5
17 11
18 9
11 14
22 7
6 6
13 7
23 9
23 9
6 6
6 6
6 6
0 6
3 6
6 6
6 4
6 6
8 6
8 6
10 6
2 6
7 6
10 6
10 4
11 6
2 6
18 9
11 9
20 7
6 6
13 7
19 9
20 9
24 20
6 6
10 6
14 9
9 9
16 7
6 6
9 7
15 9
14 6
16 15
6 6
8 6
16 19
17 6
11 8
20 7
6 6
13 6
17 8
19 9
20 11
6 6
10 6
20 11
15 6
7 0
7 7
7 5
0 0
3 0
7 5
7 7
7 5
0 0
3 0
7 5
7 0
7 5
16 9
11 9
19 7
6 6
13 13
16 9
16 6
22 16
6 6
10 6
19 15
14 15
17 6
7 0
14 10
9 9
16 7
6 6
9 7
16 15
16 9
18 11
6 6
9 6
18 11
12 9
16 14
7 5
16 9
11 10
8 9
15 7
6 6
8 7
12 15
13 9
16 9
6 6
8 6
15 9
11 9
14 12
7 5
13 9
10 19
13 7
9 7
14 12
6 6
9 7
13 7
13 6
18 7
6 6
9 6
13 7
13 7
13 6
7 5
13 7
13 7
11 7
8 4
8 5
11 5
4 4
7 4
9 5
9 9
11 9
4 4
6 4
9 9
9 4
9 9
4 5
9 4
9 9
8 9
9 5
16 11
11 9
20 7
6 6
12 13
17 10
19 6
24 9
6 6
10 6
20 9
15 9
18 6
7 0
16 13
15 10
12 10
13 7
9 4
18 10
11 9
20 7
6 6
13 7
19 10
19 11
23 9
6 6
10 6
20 13
16 13
19 9
7 5
19 9
17 10
15 9
13 7
9 9
19 10
18 6
11 10
20 7
6 6
13 6
18 9
20 10
24 11
6 6
10 6
20 11
16 6
18 14
7 7
18 6
18 15
14 13
13 6
10 9
19 6
19 9
8 8
8 8
11 7
5 6
7 7
9 8
9 6
11 8
5 6
7 6
9 8
9 8
9 6
5 0
9 8
9 8
8 8
9 7
5 4
10 8
9 8
11 6
13 9
10 9
16 7
6 6
13 7
14 9
13 11
18 15
6 6
10 6
16 19
13 19
15 11
7 5
14 15
13 11
13 9
13 7
9 12
15 9
15 12
16 11
9 8
12 7
8 7
14 12
6 6
8 7
12 7
13 9
15 11
6 6
8 6
14 11
11 7
14 12
7 5
13 7
10 12
10 10
12 12
9 9
12 7
14 9
14 12
9 7
12 11
16 11
8 9
16 7
6 6
8 7
16 10
16 7
16 9
6 6
8 6
16 9
12 9
16 8
7 5
16 9
10 10
10 10
13 7
8 5
15 11
16 10
16 9
8 8
13 9
10 7
8 8
8 8
14 7
4 6
7 7
13 8
13 6
14 8
4 6
8 6
14 8
9 8
14 6
4 0
13 8
10 8
8 8
9 7
8 4
14 8
14 8
14 6
8 8
13 8
10 7
8 8
18 8
12 8
22 7
6 6
13 7
23 8
23 9
26 11
6 6
11 6
24 12
16 12
20 11
7 5
22 8
18 11
16 9
18 7
11 12
24 9
21 12
24 11
11 8
18 15
15 11
16 8
14 14
18 8
12 8
22 7
6 6
13 7
23 8
23 9
26 11
6 6
11 6
24 12
16 12
20 11
7 5
22 8
18 11
16 9
18 7
11 12
24 9
21 12
24 11
11 8
18 15
15 11
16 8
14 14
25 31
6 6
6 6
6 6
0 6
3 6
6 6
6 4
6 6
0 6
2 6
6 6
6 6
6 6
0 0
6 6
6 6
6 6
6 6
4 4
6 6
6 6
6 6
5 6
6 6
6 6
6 6
4 6
6 6
6 6
