Did 435 comparisons of structures in 16487ms with SMSD. Average time: 37
Did 435 comparisons of structures in 1058ms with IsoRank. Average time: 2
COMPARISON_DELIMITER
IsoRank_bt=10.0 smsd
8 9
16 7
9 7
6 6
6 6
6 6
8 7
7 7
13 7
3 6
14 10
9 9
16 7
6 6
9 7
16 6
8 9
16 7
6 4
12 5
14 11
18 9
9 14
20 7
6 6
13 7
19 9
20 9
6 6
6 6
6 6
0 6
3 6
6 6
6 4
6 6
8 6
8 6
10 6
2 6
7 6
9 6
10 4
10 6
2 6
18 9
9 9
20 7
6 6
13 7
16 9
19 9
22 20
6 6
10 6
11 9
8 9
13 7
6 6
8 7
11 9
12 6
12 15
6 6
8 6
12 19
16 6
9 8
18 7
6 6
13 6
15 8
16 9
20 11
6 6
10 6
20 11
12 6
7 0
7 7
7 5
0 0
3 0
7 5
7 7
7 5
0 0
3 0
7 5
7 0
7 5
14 9
8 9
16 7
6 6
11 13
13 9
14 6
19 16
6 6
10 6
18 15
11 15
15 6
7 0
11 10
8 9
13 7
6 6
9 7
11 15
13 9
13 11
6 6
9 6
13 11
11 9
13 14
7 5
12 9
10 10
8 9
11 7
6 6
7 7
10 15
11 9
11 9
6 6
8 6
11 9
10 9
11 12
7 5
11 9
10 19
13 7
8 7
13 12
6 6
9 7
13 7
13 6
13 7
6 6
9 6
13 7
11 7
13 6
7 5
13 7
9 7
10 7
8 4
8 5
11 5
4 4
7 4
9 5
9 9
11 9
4 4
6 4
9 9
9 4
9 9
4 5
9 4
9 9
8 9
9 5
16 11
9 9
16 7
6 6
11 13
13 10
15 6
19 9
6 6
10 6
17 9
11 9
16 6
7 0
14 13
11 10
11 10
11 7
9 4
18 10
9 9
18 7
6 6
13 7
16 10
17 11
21 9
6 6
10 6
20 13
12 13
19 9
7 5
17 9
13 10
11 9
13 7
9 9
17 10
18 6
9 10
18 7
6 6
13 6
17 9
18 10
21 11
6 6
10 6
20 11
12 6
18 14
7 7
18 6
13 15
11 13
13 6
10 9
18 6
19 9
8 8
8 8
11 7
5 6
7 7
8 8
8 6
11 8
5 6
7 6
8 8
8 8
8 6
5 0
8 8
8 8
8 8
8 7
5 4
8 8
8 8
10 6
13 9
9 9
15 7
6 6
11 7
13 9
13 11
14 15
6 6
10 6
13 19
11 19
13 11
7 5
13 15
13 11
10 9
13 7
9 12
13 9
13 12
13 11
8 8
10 7
8 7
14 12
6 6
7 7
10 7
12 9
14 11
6 6
8 6
14 11
10 7
14 12
7 5
11 7
10 12
10 10
10 12
9 9
11 7
14 9
14 12
8 7
11 11
16 11
8 9
16 7
6 6
8 7
13 10
14 7
16 9
6 6
8 6
16 9
11 9
15 8
5 5
14 9
11 10
10 10
10 7
9 5
11 11
16 10
16 9
8 8
13 9
10 7
8 8
8 8
14 7
4 6
7 7
10 8
13 6
14 8
4 6
8 6
14 8
10 8
14 6
4 0
12 8
9 8
8 8
9 7
8 4
11 8
14 8
14 6
8 8
13 8
10 7
10 8
17 8
9 8
17 7
6 6
13 7
15 8
17 9
20 11
6 6
10 6
20 12
14 12
18 11
7 5
15 8
14 11
11 9
13 7
13 12
16 9
19 12
18 11
11 8
15 15
14 11
16 8
14 14
17 8
9 8
17 7
6 6
13 7
15 8
17 9
20 11
6 6
10 6
20 12
14 12
18 11
7 5
15 8
14 11
11 9
13 7
13 12
16 9
19 12
18 11
11 8
15 15
14 11
16 8
14 14
17 31
6 6
6 6
6 6
0 6
3 6
6 6
6 4
6 6
0 6
2 6
6 6
6 6
6 6
0 0
6 6
6 6
6 6
6 6
4 4
6 6
6 6
6 6
5 6
6 6
6 6
6 6
4 6
6 6
6 6
