fine_threshold: 0.9 coarse_threshold: 0.7
Ammolite Database Info
Database Name: test_connection_min_2_full_structs
Database version: AMMOLITE_GENERIC_DATABASE_0_0_0
This database has been organized.
Number of molecules: 250
Number of representatives: 184
Compression Type: CONNECTION
Number of source files: 184
Description: test min 2 full diff smsd
START_QUERY 6596816
START_METHOD SMSD_QuerywiseParallel_Timeout
time: 12650
matches: 6596816 6596816 
START_DETAILED_MATCHES
6596816 36
6596816 36
END_DETAILED_MATCHES

 misses: 10278353 10356185 10446339 10464950 10288685 10610116 10610116 11217487 11217487 11175480 11569483 12670639 1277846 11539831 12891779 13632598 13871875 15754740 15796342 16220171 15356007 16379568 16379568 16548540 34408212 16576575 16846817 35658984 17132482 17332461 16403572 17684074 17566360 17725426 17900274 18119225 18198587 19034184 19368990 20106795 20230097 20835590 177270 20993973 21466910 22429475 21609844 52866886 22829210 23543070 23543070 23870737 24731510 24925153 2564065 25717563 27137867 27173023 28542993 28542993 28615742 28615742 29881511 57147570 57147570 29936641 23905966 63637020 29955602 30544573 7582516 8351491 31076480 3138159 32951440 29359790 33221389 33295171 33889401 33709847 34637812 34697034 35314926 36089241 19709223 36118920 49719724 36943595 54870866 37355280 37434090 37551805 34299360 37715992 38653339 9355739 37715992 37896708 38605558 38395110 38813203 39022188 39146774 15919642 40099516 40099516 40581200 40704817 40175032 33536116 42395249 41521370 41521370 40778163 41655718 42006409 42006409 25095125 4282443 43009433 43107090 21056172 43107090 43197786 43536971 43536971 43656442 30055621 43718329 43872589 44071530 44495362 43981682 44870630 26764113 3437967 44891013 26764113 45320573 45543559 45769398 32830389 45146729 46173988 47545300 46420414 47848549 47899785 47899785 37545929 37545929 48826350 38487696 48983308 37693406 37693406 49119455 37376101 49785243 49419686 50242199 51215349 33307105 50108870 51215349 7293924 56220661 51368099 5204467 52473889 19502787 5325841 53188891 53428689 54068030 31790584 53867153 54288463 56075847 56370184 57153718 57192269 57192269 56578785 57436562 5733434 58625834 57528064 58758711 58956276 59792844 56229473 60811138 54002944 60886851 60998295 59779392 61297850 6133607 61371689 61374959 6133607 54410347 54410347 61406245 61431783 61494774 61726441 61808089 63131429 63131429 63143290 61967128 68683765 63565696 68683765 68683765 63565696 63886761 64078515 64003633 65138931 65465722 65727590 65943192 66033918 66166605 66228920 68049124 69067313 69173053 69874902 68856775 70037035 70334086 70413264 69937028 71211445 8482806 890505 890505 919939 9378350 9497152 9771905 52580118 9771905 70668172 
START_DETAILED_MISSES
10278353 8
10356185 8
10446339 6
10464950 6
10288685 6
10610116 8
10610116 8
11217487 2
11217487 2
11175480 8
11569483 6
12670639 4
1277846 8
11539831 11
12891779 12
13632598 10
13871875 4
15754740 0
15796342 2
16220171 7
15356007 6
16379568 6
16379568 6
16548540 7
34408212 8
16576575 6
16846817 11
35658984 6
17132482 5
17332461 8
16403572 9
17684074 10
17566360 11
17725426 11
17900274 7
18119225 8
18198587 8
19034184 8
19368990 2
20106795 5
20230097 8
20835590 6
177270 7
20993973 8
21466910 6
22429475 8
21609844 6
52866886 9
22829210 8
23543070 6
23543070 6
23870737 6
24731510 8
24925153 7
2564065 6
25717563 6
27137867 9
27173023 6
28542993 8
28542993 8
28615742 6
28615742 6
29881511 6
57147570 9
57147570 9
29936641 2
23905966 16
63637020 8
29955602 6
30544573 6
7582516 8
8351491 6
31076480 8
3138159 3
32951440 9
29359790 11
33221389 6
33295171 6
33889401 8
33709847 12
34637812 8
34697034 6
35314926 6
36089241 8
19709223 6
36118920 5
49719724 6
36943595 4
54870866 6
37355280 6
37434090 12
37551805 10
34299360 19
37715992 6
38653339 12
9355739 8
37715992 6
37896708 6
38605558 6
38395110 6
38813203 6
39022188 11
39146774 7
15919642 6
40099516 9
40099516 9
40581200 8
40704817 9
40175032 6
33536116 10
42395249 8
41521370 6
41521370 6
40778163 8
41655718 9
42006409 12
42006409 12
25095125 6
4282443 8
43009433 6
43107090 6
21056172 6
43107090 6
43197786 8
43536971 6
43536971 6
43656442 8
30055621 7
43718329 6
43872589 8
44071530 5
44495362 6
43981682 8
44870630 8
26764113 8
3437967 17
44891013 6
26764113 8
45320573 8
45543559 6
45769398 6
32830389 10
45146729 6
46173988 7
47545300 2
46420414 8
47848549 8
47899785 6
47899785 6
37545929 8
37545929 8
48826350 10
38487696 10
48983308 8
37693406 6
37693406 6
49119455 8
37376101 6
49785243 9
49419686 6
50242199 8
51215349 12
33307105 8
50108870 7
51215349 12
7293924 6
56220661 8
51368099 6
5204467 8
52473889 8
19502787 7
5325841 6
53188891 8
53428689 14
54068030 9
31790584 8
53867153 14
54288463 6
56075847 9
56370184 8
57153718 6
57192269 4
57192269 4
56578785 6
57436562 8
5733434 8
58625834 7
57528064 11
58758711 6
58956276 8
59792844 6
56229473 11
60811138 8
54002944 5
60886851 8
60998295 7
59779392 6
61297850 8
6133607 11
61371689 9
61374959 4
6133607 11
54410347 6
54410347 6
61406245 7
61431783 6
61494774 8
61726441 5
61808089 4
63131429 5
63131429 5
63143290 5
61967128 14
68683765 6
63565696 6
68683765 6
68683765 6
63565696 6
63886761 6
64078515 8
64003633 6
65138931 6
65465722 6
65727590 4
65943192 4
66033918 6
66166605 2
66228920 2
68049124 4
69067313 9
69173053 8
69874902 10
68856775 6
70037035 10
70334086 6
70413264 9
69937028 9
71211445 7
8482806 8
890505 6
890505 6
919939 6
9378350 5
9497152 6
9771905 8
52580118 6
9771905 8
70668172 7
END_DETAILED_MISSES

 timeouts: 
START_DETAILED_TIMEOUTS
END_DETAILED_TIMEOUTS
END_METHOD
END_QUERY
START_QUERY 64078515
START_METHOD SMSD_QuerywiseParallel_Timeout
time: 6510
matches: 64078515 
START_DETAILED_MATCHES
64078515 20
END_DETAILED_MATCHES

 misses: 10278353 10288685 10356185 10464950 10610116 10446339 10610116 11217487 11217487 11175480 11569483 12670639 11539831 1277846 12891779 13871875 13632598 15754740 15796342 15356007 16220171 16379568 16379568 16548540 34408212 16576575 16846817 16403572 35658984 17132482 17332461 17566360 17684074 177270 17725426 17900274 18119225 18198587 19368990 19034184 20106795 20230097 20993973 20835590 21466910 22429475 52866886 21609844 22829210 23543070 23543070 23870737 24731510 24925153 2564065 23905966 27137867 27173023 28542993 28542993 28615742 28615742 29881511 25717563 57147570 29936641 57147570 29955602 63637020 7582516 30544573 8351491 3138159 32951440 31076480 29359790 33221389 33295171 33889401 33709847 34637812 34299360 35314926 34697034 36089241 36118920 19709223 36943595 54870866 49719724 37355280 37434090 37551805 37715992 38653339 9355739 37715992 37896708 38395110 38605558 38813203 15919642 39146774 39022188 40099516 40099516 40581200 40175032 40704817 33536116 42395249 41521370 41521370 40778163 41655718 42006409 42006409 25095125 4282443 43009433 43107090 43107090 21056172 43197786 43536971 43536971 43656442 30055621 43718329 43872589 44071530 43981682 44495362 44870630 3437967 26764113 44891013 45146729 45320573 26764113 45543559 45769398 46173988 32830389 47545300 46420414 47848549 47899785 47899785 37545929 37545929 48826350 38487696 48983308 37693406 37693406 49119455 37376101 49419686 49785243 50242199 51215349 33307105 50108870 51215349 51368099 7293924 56220661 52473889 5204467 19502787 53188891 5325841 53428689 54068030 53867153 31790584 56075847 54288463 56370184 57153718 57192269 57192269 56578785 57436562 5733434 57528064 58625834 58956276 58758711 59779392 59792844 56229473 60811138 54002944 60886851 60998295 61297850 6133607 6133607 61374959 54410347 61371689 61406245 54410347 61431783 61494774 61808089 61726441 61967128 63131429 63143290 63131429 63565696 68683765 68683765 68683765 63886761 63565696 64003633 65465722 65138931 65943192 65727590 6596816 6596816 66033918 66166605 66228920 68049124 69067313 69173053 69874902 69937028 70037035 70334086 70413264 70668172 68856775 71211445 8482806 890505 890505 9378350 9497152 9771905 919939 9771905 52580118 
START_DETAILED_MISSES
10278353 10
10288685 10
10356185 8
10464950 6
10610116 8
10446339 8
10610116 8
11217487 2
11217487 2
11175480 11
11569483 11
12670639 2
11539831 9
1277846 8
12891779 4
13871875 2
13632598 6
15754740 4
15796342 0
15356007 11
16220171 7
16379568 6
16379568 6
16548540 7
34408212 6
16576575 6
16846817 8
16403572 10
35658984 6
17132482 6
17332461 8
17566360 6
17684074 8
177270 13
17725426 8
17900274 9
18119225 8
18198587 8
19368990 3
19034184 8
20106795 2
20230097 8
20993973 8
20835590 9
21466910 6
22429475 10
52866886 8
21609844 6
22829210 8
23543070 11
23543070 11
23870737 6
24731510 8
24925153 7
2564065 6
23905966 11
27137867 10
27173023 9
28542993 8
28542993 8
28615742 6
28615742 6
29881511 7
25717563 11
57147570 9
29936641 3
57147570 9
29955602 11
63637020 4
7582516 8
30544573 7
8351491 6
3138159 3
32951440 6
31076480 8
29359790 5
33221389 6
33295171 6
33889401 4
33709847 6
34637812 8
34299360 6
35314926 8
34697034 6
36089241 10
36118920 3
19709223 6
36943595 5
54870866 8
49719724 9
37355280 6
37434090 6
37551805 10
37715992 11
38653339 8
9355739 6
37715992 11
37896708 6
38395110 8
38605558 10
38813203 6
15919642 8
39146774 3
39022188 8
40099516 6
40099516 6
40581200 8
40175032 10
40704817 6
33536116 6
42395249 8
41521370 6
41521370 6
40778163 12
41655718 9
42006409 8
42006409 8
25095125 8
4282443 8
43009433 6
43107090 8
43107090 8
21056172 8
43197786 8
43536971 11
43536971 11
43656442 4
30055621 7
43718329 8
43872589 8
44071530 8
43981682 10
44495362 6
44870630 8
3437967 6
26764113 8
44891013 6
45146729 6
45320573 8
26764113 8
45543559 6
45769398 6
46173988 7
32830389 6
47545300 3
46420414 11
47848549 10
47899785 8
47899785 8
37545929 9
37545929 9
48826350 10
38487696 9
48983308 6
37693406 10
37693406 10
49119455 8
37376101 6
49419686 8
49785243 6
50242199 8
51215349 8
33307105 8
50108870 6
51215349 8
51368099 10
7293924 6
56220661 6
52473889 8
5204467 8
19502787 6
53188891 10
5325841 6
53428689 6
54068030 8
53867153 6
31790584 8
56075847 6
54288463 6
56370184 8
57153718 6
57192269 0
57192269 0
56578785 12
57436562 4
5733434 8
57528064 8
58625834 9
58956276 6
58758711 12
59779392 6
59792844 6
56229473 8
60811138 6
54002944 3
60886851 8
60998295 9
61297850 8
6133607 8
6133607 8
61374959 0
54410347 6
61371689 6
61406245 7
54410347 6
61431783 6
61494774 11
61808089 5
61726441 7
61967128 10
63131429 6
63143290 7
63131429 6
63565696 10
68683765 9
68683765 9
68683765 9
63886761 6
63565696 10
64003633 10
65465722 9
65138931 9
65943192 3
65727590 5
6596816 8
6596816 8
66033918 6
66166605 2
66228920 4
68049124 3
69067313 10
69173053 8
69874902 9
69937028 9
70037035 6
70334086 6
70413264 6
70668172 10
68856775 8
71211445 10
8482806 8
890505 10
890505 10
9378350 7
9497152 10
9771905 9
919939 9
9771905 9
52580118 11
END_DETAILED_MISSES

 timeouts: 
START_DETAILED_TIMEOUTS
END_DETAILED_TIMEOUTS
END_METHOD
END_QUERY
START_QUERY 10288685
START_METHOD SMSD_QuerywiseParallel_Timeout
time: 69192
matches: 10288685 
START_DETAILED_MATCHES
10288685 31
END_DETAILED_MATCHES

 misses: 10356185 10446339 10464950 10610116 10610116 10278353 11217487 11217487 11175480 11539831 12670639 1277846 12891779 13632598 13871875 11569483 15754740 15796342 16220171 16379568 16379568 15356007 16548540 16403572 34408212 16846817 35658984 17132482 16576575 17332461 17566360 17684074 17725426 17900274 18119225 18198587 19034184 19368990 20106795 20230097 177270 20835590 21466910 20993973 21609844 52866886 22829210 22429475 23543070 23543070 23870737 24731510 24925153 2564065 23905966 27137867 27173023 25717563 28542993 28615742 28615742 28542993 29881511 57147570 29936641 29955602 63637020 57147570 7582516 8351491 30544573 3138159 32951440 29359790 31076480 33221389 33295171 33709847 33889401 34637812 34299360 34697034 35314926 19709223 36118920 36089241 36943595 54870866 37355280 49719724 37434090 37715992 38653339 37551805 9355739 37715992 37896708 38605558 38395110 38813203 15919642 39146774 40099516 40099516 39022188 40581200 40704817 33536116 42395249 40175032 41521370 41521370 41655718 42006409 40778163 42006409 25095125 21056172 43009433 4282443 43107090 43107090 43536971 43536971 43656442 43197786 30055621 43718329 43872589 44071530 44495362 43981682 44870630 3437967 26764113 44891013 26764113 45320573 45146729 45543559 32830389 45769398 46173988 47545300 46420414 47899785 47848549 47899785 37545929 37545929 48826350 38487696 48983308 37693406 37693406 37376101 49119455 49419686 49785243 50108870 51215349 33307105 50242199 51215349 7293924 51368099 56220661 5204467 52473889 19502787 5325841 53188891 53428689 54068030 53867153 31790584 54288463 56075847 56370184 57153718 57192269 57192269 56578785 5733434 57436562 57528064 58625834 58956276 59779392 59792844 56229473 60811138 54002944 60886851 60998295 58758711 61297850 6133607 61371689 6133607 61374959 54410347 54410347 61431783 61494774 61726441 61808089 61406245 63131429 63131429 63143290 61967128 63565696 68683765 68683765 68683765 63886761 63565696 64003633 64078515 65138931 65727590 65943192 65465722 6596816 66033918 66166605 66228920 6596816 68049124 69067313 69173053 69874902 69937028 70037035 70334086 70413264 68856775 71211445 8482806 890505 890505 919939 9378350 9497152 9771905 52580118 9771905 70668172 
START_DETAILED_MISSES
10356185 6
10446339 9
10464950 6
10610116 9
10610116 9
10278353 12
11217487 3
11217487 3
11175480 11
11539831 12
12670639 0
1277846 7
12891779 4
13632598 6
13871875 0
11569483 11
15754740 0
15796342 2
16220171 6
16379568 6
16379568 6
15356007 13
16548540 8
16403572 12
34408212 9
16846817 6
35658984 8
17132482 6
16576575 6
17332461 6
17566360 6
17684074 7
17725426 9
17900274 9
18119225 6
18198587 7
19034184 9
19368990 3
20106795 3
20230097 6
177270 14
20835590 10
21466910 6
20993973 6
21609844 9
52866886 6
22829210 6
22429475 10
23543070 15
23543070 15
23870737 6
24731510 8
24925153 6
2564065 6
23905966 12
27137867 6
27173023 9
25717563 12
28542993 6
28615742 6
28615742 6
28542993 6
29881511 6
57147570 12
29936641 2
29955602 11
63637020 4
57147570 12
7582516 6
8351491 8
30544573 7
3138159 3
32951440 9
29359790 6
31076480 8
33221389 6
33295171 6
33709847 6
33889401 4
34637812 7
34299360 8
34697034 6
35314926 6
19709223 6
36118920 2
36089241 6
36943595 5
54870866 6
37355280 8
49719724 9
37434090 8
37715992 9
38653339 6
37551805 12
9355739 6
37715992 9
37896708 9
38605558 9
38395110 9
38813203 6
15919642 12
39146774 3
40099516 6
40099516 6
39022188 8
40581200 6
40704817 8
33536116 6
42395249 8
40175032 12
41521370 6
41521370 6
41655718 8
42006409 8
40778163 13
42006409 8
25095125 9
21056172 12
43009433 6
4282443 6
43107090 6
43107090 6
43536971 9
43536971 9
43656442 4
43197786 6
30055621 8
43718329 6
43872589 9
44071530 8
44495362 6
43981682 10
44870630 8
3437967 6
26764113 8
44891013 6
26764113 8
45320573 9
45146729 6
45543559 6
32830389 6
45769398 6
46173988 7
47545300 3
46420414 9
47899785 6
47848549 6
47899785 6
37545929 10
37545929 10
48826350 6
38487696 9
48983308 6
37693406 9
37693406 9
37376101 6
49119455 6
49419686 9
49785243 7
50108870 8
51215349 6
33307105 6
50242199 8
51215349 6
7293924 6
51368099 11
56220661 6
5204467 7
52473889 6
19502787 6
5325841 6
53188891 10
53428689 6
54068030 6
53867153 6
31790584 7
54288463 8
56075847 8
56370184 6
57153718 7
57192269 0
57192269 0
56578785 10
5733434 9
57436562 4
57528064 6
58625834 10
58956276 6
59779392 6
59792844 8
56229473 6
60811138 6
54002944 2
60886851 6
60998295 6
58758711 12
61297850 7
6133607 6
61371689 6
6133607 6
61374959 2
54410347 6
54410347 6
61431783 6
61494774 6
61726441 8
61808089 4
61406245 9
63131429 6
63131429 6
63143290 6
61967128 10
63565696 9
68683765 8
68683765 8
68683765 8
63886761 9
63565696 9
64003633 12
64078515 10
65138931 6
65727590 0
65943192 2
65465722 9
6596816 6
66033918 6
66166605 3
66228920 2
6596816 6
68049124 0
69067313 9
69173053 6
69874902 7
69937028 12
70037035 6
70334086 6
70413264 6
68856775 10
71211445 10
8482806 9
890505 12
890505 12
919939 12
9378350 5
9497152 10
9771905 10
52580118 10
9771905 10
70668172 12
END_DETAILED_MISSES

 timeouts: 
START_DETAILED_TIMEOUTS
END_DETAILED_TIMEOUTS
END_METHOD
END_QUERY
START_QUERY 33709847
START_METHOD SMSD_QuerywiseParallel_Timeout
time: 3425
matches: 33709847 
START_DETAILED_MATCHES
33709847 36
END_DETAILED_MATCHES

 misses: 10288685 10356185 10278353 10464950 10446339 10610116 10610116 11175480 11217487 11217487 11569483 12670639 11539831 1277846 12891779 13871875 13632598 15754740 15356007 16220171 15796342 16379568 16379568 16403572 34408212 16548540 16576575 16846817 17132482 35658984 17332461 17684074 17566360 17725426 17900274 177270 18119225 18198587 19368990 19034184 20106795 20230097 20835590 20993973 21466910 22429475 21609844 52866886 22829210 23543070 23543070 23870737 24731510 24925153 2564065 23905966 25717563 27137867 27173023 28542993 28615742 28542993 28615742 29881511 57147570 29936641 57147570 63637020 30544573 7582516 29955602 31076480 8351491 3138159 32951440 29359790 33295171 33221389 33889401 34299360 34637812 34697034 35314926 36089241 19709223 36118920 36943595 54870866 37355280 49719724 37551805 37434090 38653339 37715992 37715992 9355739 37896708 38395110 38605558 38813203 15919642 39146774 39022188 40099516 40099516 40581200 40175032 33536116 40704817 42395249 41521370 40778163 41521370 42006409 41655718 42006409 25095125 4282443 21056172 43009433 43107090 43107090 43197786 43536971 43536971 43656442 43718329 30055621 43872589 44071530 44495362 43981682 44870630 26764113 3437967 44891013 26764113 45320573 45146729 45543559 45769398 32830389 46173988 47545300 46420414 47899785 47848549 37545929 47899785 37545929 48826350 38487696 48983308 37693406 49119455 37693406 37376101 49419686 49785243 50108870 50242199 51215349 33307105 51215349 51368099 56220661 5204467 7293924 52473889 19502787 5325841 53188891 53428689 54068030 53867153 31790584 54288463 56075847 56578785 57153718 57192269 56370184 57192269 5733434 57436562 58625834 57528064 58758711 58956276 59792844 56229473 59779392 60811138 54002944 60886851 60998295 61297850 6133607 6133607 61371689 61374959 54410347 54410347 61406245 61431783 61494774 61726441 61808089 63131429 61967128 63131429 63143290 63565696 68683765 68683765 63565696 68683765 63886761 64003633 65465722 64078515 65138931 65727590 65943192 6596816 6596816 66033918 66166605 66228920 68049124 68856775 69067313 69173053 69874902 69937028 70037035 70413264 70334086 70668172 8482806 71211445 890505 890505 9378350 9497152 919939 9771905 52580118 9771905 
START_DETAILED_MISSES
10288685 6
10356185 6
10278353 6
10464950 6
10446339 6
10610116 6
10610116 6
11175480 7
11217487 4
11217487 4
11569483 7
12670639 5
11539831 6
1277846 7
12891779 5
13871875 5
13632598 12
15754740 4
15356007 6
16220171 7
15796342 2
16379568 8
16379568 8
16403572 7
34408212 7
16548540 6
16576575 7
16846817 11
17132482 5
35658984 6
17332461 7
17684074 12
17566360 12
17725426 12
17900274 6
177270 7
18119225 7
18198587 6
19368990 4
19034184 6
20106795 8
20230097 7
20835590 6
20993973 7
21466910 6
22429475 6
21609844 6
52866886 8
22829210 7
23543070 6
23543070 6
23870737 6
24731510 7
24925153 7
2564065 7
23905966 7
25717563 6
27137867 7
27173023 6
28542993 7
28615742 7
28542993 7
28615742 7
29881511 7
57147570 6
29936641 3
57147570 6
63637020 9
30544573 7
7582516 7
29955602 6
31076480 6
8351491 6
3138159 4
32951440 6
29359790 5
33295171 7
33221389 5
33889401 8
34299360 12
34637812 6
34697034 7
35314926 7
36089241 7
19709223 7
36118920 7
36943595 4
54870866 7
37355280 7
49719724 6
37551805 12
37434090 14
38653339 14
37715992 7
37715992 7
9355739 7
37896708 6
38395110 7
38605558 8
38813203 7
15919642 7
39146774 6
39022188 10
40099516 6
40099516 6
40581200 7
40175032 6
33536116 8
40704817 11
42395249 6
41521370 7
40778163 7
41521370 7
42006409 7
41655718 7
42006409 7
25095125 7
4282443 7
21056172 7
43009433 7
43107090 7
43107090 7
43197786 8
43536971 7
43536971 7
43656442 8
43718329 7
30055621 7
43872589 8
44071530 5
44495362 6
43981682 6
44870630 7
26764113 6
3437967 10
44891013 7
26764113 6
45320573 7
45146729 6
45543559 7
45769398 7
32830389 7
46173988 6
47545300 4
46420414 7
47899785 7
47848549 7
37545929 7
47899785 7
37545929 7
48826350 13
38487696 7
48983308 6
37693406 7
49119455 7
37693406 7
37376101 6
49419686 7
49785243 6
50108870 7
50242199 7
51215349 8
33307105 6
51215349 8
51368099 7
56220661 7
5204467 7
7293924 7
52473889 7
19502787 7
5325841 5
53188891 8
53428689 12
54068030 7
53867153 11
31790584 7
54288463 7
56075847 11
56578785 7
57153718 6
57192269 4
56370184 7
57192269 4
5733434 7
57436562 4
58625834 6
57528064 6
58758711 7
58956276 6
59792844 7
56229473 12
59779392 6
60811138 6
54002944 6
60886851 6
60998295 7
61297850 6
6133607 8
6133607 8
61371689 10
61374959 4
54410347 7
54410347 7
61406245 7
61431783 6
61494774 8
61726441 6
61808089 6
63131429 6
61967128 11
63131429 6
63143290 5
63565696 7
68683765 6
68683765 6
63565696 7
68683765 6
63886761 6
64003633 6
65465722 6
64078515 6
65138931 7
65727590 4
65943192 4
6596816 12
6596816 12
66033918 7
66166605 3
66228920 4
68049124 4
68856775 7
69067313 12
69173053 6
69874902 7
69937028 7
70037035 5
70413264 7
70334086 7
70668172 7
8482806 7
71211445 6
890505 6
890505 6
9378350 4
9497152 7
919939 6
9771905 6
52580118 7
9771905 6
END_DETAILED_MISSES

 timeouts: 
START_DETAILED_TIMEOUTS
END_DETAILED_TIMEOUTS
END_METHOD
END_QUERY
START_QUERY 70668172
START_METHOD SMSD_QuerywiseParallel_Timeout
time: 204362
matches: 70668172 
START_DETAILED_MATCHES
70668172 39
END_DETAILED_MATCHES

 misses: 10278353 10356185 10446339 10464950 10610116 10610116 11175480 11217487 11217487 11539831 11569483 12670639 1277846 12891779 13632598 13871875 15356007 15754740 15796342 16220171 16379568 16379568 16403572 16548540 34408212 16576575 16846817 35658984 17132482 17332461 17566360 17684074 17725426 10288685 17900274 18119225 18198587 19034184 19368990 20106795 20230097 20835590 20993973 21466910 21609844 22429475 52866886 22829210 177270 23543070 23543070 23870737 24731510 24925153 2564065 23905966 27137867 27173023 28542993 28542993 28615742 28615742 29881511 25717563 57147570 29936641 29955602 63637020 30544573 7582516 8351491 31076480 3138159 32951440 29359790 33295171 33221389 33709847 33889401 57147570 34299360 34697034 35314926 36089241 34637812 19709223 36118920 36943595 54870866 49719724 37355280 37434090 37551805 38653339 37715992 9355739 37715992 38395110 37896708 38605558 38813203 39022188 39146774 40099516 40099516 40175032 40581200 40704817 33536116 42395249 40778163 41521370 41521370 41655718 15919642 42006409 42006409 25095125 4282443 43009433 43107090 43107090 43197786 43536971 43536971 43656442 43718329 30055621 43872589 43981682 44071530 44495362 44870630 26764113 3437967 26764113 44891013 45146729 45320573 45543559 45769398 32830389 46173988 46420414 47545300 47848549 47899785 47899785 37545929 37545929 48826350 38487696 48983308 37693406 21056172 49119455 37693406 37376101 49785243 49419686 50242199 51215349 33307105 51215349 50108870 7293924 56220661 5204467 52473889 19502787 53188891 5325841 53428689 53867153 54068030 31790584 54288463 56075847 56370184 51368099 57153718 57192269 57192269 56578785 5733434 57436562 58625834 57528064 58956276 59779392 59792844 56229473 60811138 54002944 60886851 60998295 61297850 6133607 6133607 61371689 61374959 54410347 54410347 61406245 61431783 61494774 61726441 61808089 61967128 63131429 63131429 63143290 63565696 68683765 68683765 63565696 68683765 63886761 64003633 64078515 65465722 65138931 65727590 65943192 6596816 6596816 66033918 66166605 66228920 68049124 68856775 69067313 69173053 69874902 58758711 70037035 70334086 70413264 71211445 8482806 69937028 890505 890505 9378350 9497152 9771905 52580118 9771905 919939 
START_DETAILED_MISSES
10278353 12
10356185 8
10446339 9
10464950 6
10610116 7
10610116 7
11175480 14
11217487 2
11217487 2
11539831 13
11569483 13
12670639 4
1277846 7
12891779 4
13632598 6
13871875 2
15356007 13
15754740 2
15796342 0
16220171 8
16379568 7
16379568 7
16403572 14
16548540 7
34408212 7
16576575 7
16846817 7
35658984 6
17132482 5
17332461 7
17566360 7
17684074 7
17725426 7
10288685 12
17900274 12
18119225 8
18198587 7
19034184 7
19368990 2
20106795 3
20230097 8
20835590 6
20993973 8
21466910 6
21609844 6
22429475 8
52866886 7
22829210 9
177270 18
23543070 18
23543070 18
23870737 6
24731510 7
24925153 8
2564065 7
23905966 16
27137867 8
27173023 6
28542993 7
28542993 7
28615742 6
28615742 6
29881511 7
25717563 14
57147570 14
29936641 3
29955602 10
63637020 4
30544573 7
7582516 8
8351491 6
31076480 7
3138159 3
32951440 6
29359790 5
33295171 8
33221389 5
33709847 7
33889401 4
57147570 14
34299360 6
34697034 7
35314926 8
36089241 8
34637812 7
19709223 7
36118920 2
36943595 2
54870866 7
49719724 8
37355280 8
37434090 7
37551805 10
38653339 7
37715992 7
9355739 6
37715992 7
38395110 7
37896708 6
38605558 8
38813203 7
39022188 7
39146774 3
40099516 6
40099516 6
40175032 9
40581200 7
40704817 8
33536116 6
42395249 11
40778163 14
41521370 7
41521370 7
41655718 7
15919642 14
42006409 8
42006409 8
25095125 9
4282443 8
43009433 7
43107090 8
43107090 8
43197786 9
43536971 10
43536971 10
43656442 4
43718329 8
30055621 7
43872589 7
43981682 9
44071530 5
44495362 6
44870630 7
26764113 12
3437967 6
26764113 12
44891013 8
45146729 6
45320573 7
45543559 8
45769398 7
32830389 7
46173988 7
46420414 9
47545300 3
47848549 9
47899785 7
47899785 7
37545929 12
37545929 12
48826350 8
38487696 7
48983308 6
37693406 7
21056172 15
49119455 8
37693406 7
37376101 6
49785243 6
49419686 7
50242199 7
51215349 7
33307105 7
51215349 7
50108870 7
7293924 7
56220661 6
5204467 8
52473889 8
19502787 7
53188891 7
5325841 7
53428689 8
53867153 7
54068030 7
31790584 9
54288463 8
56075847 7
56370184 9
51368099 10
57153718 6
57192269 0
57192269 0
56578785 10
5733434 7
57436562 4
58625834 11
57528064 7
58956276 6
59779392 6
59792844 7
56229473 8
60811138 6
54002944 2
60886851 8
60998295 8
61297850 7
6133607 7
6133607 7
61371689 5
61374959 0
54410347 7
54410347 7
61406245 7
61431783 6
61494774 9
61726441 7
61808089 3
61967128 9
63131429 7
63131429 7
63143290 5
63565696 7
68683765 6
68683765 6
63565696 7
68683765 6
63886761 6
64003633 9
64078515 10
65465722 6
65138931 8
65727590 2
65943192 2
6596816 7
6596816 7
66033918 8
66166605 3
66228920 2
68049124 2
68856775 12
69067313 6
69173053 7
69874902 8
58758711 18
70037035 7
70334086 8
70413264 6
71211445 9
8482806 7
69937028 14
890505 15
890505 15
9378350 5
9497152 10
9771905 9
52580118 12
9771905 9
919939 16
END_DETAILED_MISSES

 timeouts: 
START_DETAILED_TIMEOUTS
END_DETAILED_TIMEOUTS
END_METHOD
END_QUERY
START_QUERY 43718329
START_METHOD SMSD_QuerywiseParallel_Timeout
time: 3141
matches: 43718329 
START_DETAILED_MATCHES
43718329 20
END_DETAILED_MATCHES

 misses: 10278353 10356185 10446339 10464950 10610116 10610116 11175480 11217487 11217487 10288685 11539831 12670639 11569483 12891779 1277846 13871875 13632598 15754740 15796342 16220171 16379568 16379568 15356007 16403572 16548540 34408212 16576575 35658984 16846817 17132482 17332461 17566360 17684074 17725426 177270 17900274 18119225 18198587 19368990 19034184 20106795 20230097 20835590 21466910 20993973 22429475 52866886 21609844 22829210 23543070 23543070 23870737 24731510 24925153 2564065 25717563 27137867 27173023 28542993 28542993 28615742 28615742 29881511 57147570 23905966 29936641 57147570 63637020 30544573 7582516 8351491 29955602 3138159 31076480 32951440 29359790 33295171 33221389 33709847 33889401 34637812 34697034 35314926 36089241 34299360 36118920 19709223 36943595 54870866 49719724 37355280 37434090 37551805 37715992 38653339 37715992 9355739 37896708 38395110 38605558 38813203 15919642 39146774 39022188 40099516 40099516 40581200 40175032 40704817 33536116 42395249 41521370 41521370 41655718 42006409 25095125 40778163 42006409 4282443 43009433 43107090 43107090 43197786 43536971 43536971 43656442 30055621 21056172 43872589 44071530 44495362 44870630 26764113 43981682 26764113 44891013 3437967 45320573 45146729 45543559 45769398 32830389 46173988 47545300 46420414 47848549 47899785 47899785 37545929 37545929 48826350 38487696 48983308 37693406 37693406 49119455 37376101 49419686 49785243 50108870 50242199 33307105 51215349 51215349 7293924 51368099 56220661 52473889 5204467 19502787 5325841 53428689 53188891 53867153 54068030 31790584 56075847 54288463 56370184 57153718 56578785 57192269 57192269 57436562 5733434 58625834 57528064 58956276 59779392 59792844 56229473 60811138 54002944 58758711 60886851 60998295 61297850 6133607 61371689 61374959 6133607 54410347 54410347 61431783 61406245 61494774 61726441 61808089 63131429 63131429 63143290 61967128 63565696 68683765 68683765 63565696 68683765 63886761 64003633 64078515 65138931 65727590 65465722 65943192 6596816 66033918 6596816 66166605 66228920 68049124 69067313 69173053 69874902 69937028 70037035 70334086 70413264 68856775 71211445 8482806 70668172 890505 890505 9378350 9497152 9771905 919939 52580118 9771905 
START_DETAILED_MISSES
10278353 7
10356185 6
10446339 6
10464950 6
10610116 9
10610116 9
11175480 8
11217487 2
11217487 2
10288685 6
11539831 6
12670639 2
11569483 9
12891779 6
1277846 8
13871875 0
13632598 7
15754740 3
15796342 0
16220171 8
16379568 7
16379568 7
15356007 7
16403572 7
16548540 6
34408212 7
16576575 7
35658984 7
16846817 7
17132482 6
17332461 8
17566360 7
17684074 7
17725426 8
177270 7
17900274 6
18119225 8
18198587 6
19368990 2
19034184 6
20106795 2
20230097 8
20835590 7
21466910 9
20993973 8
22429475 7
52866886 7
21609844 6
22829210 8
23543070 6
23543070 6
23870737 6
24731510 7
24925153 7
2564065 8
25717563 7
27137867 8
27173023 9
28542993 7
28542993 7
28615742 9
28615742 9
29881511 7
57147570 6
23905966 7
29936641 2
57147570 6
63637020 4
30544573 7
7582516 7
8351491 7
29955602 6
3138159 4
31076480 7
32951440 6
29359790 4
33295171 8
33221389 6
33709847 7
33889401 4
34637812 6
34697034 8
35314926 9
36089241 9
34299360 6
36118920 2
19709223 7
36943595 3
54870866 8
49719724 7
37355280 8
37434090 7
37551805 8
37715992 8
38653339 6
37715992 8
9355739 7
37896708 7
38395110 8
38605558 6
38813203 7
15919642 8
39146774 2
39022188 6
40099516 6
40099516 6
40581200 7
40175032 7
40704817 8
33536116 6
42395249 6
41521370 7
41521370 7
41655718 7
42006409 7
25095125 8
40778163 8
42006409 7
4282443 8
43009433 7
43107090 15
43107090 15
43197786 9
43536971 6
43536971 6
43656442 4
30055621 7
21056172 8
43872589 8
44071530 5
44495362 7
44870630 9
26764113 7
43981682 6
26764113 7
44891013 8
3437967 6
45320573 7
45146729 7
45543559 8
45769398 8
32830389 7
46173988 6
47545300 2
46420414 8
47848549 8
47899785 7
47899785 7
37545929 8
37545929 8
48826350 9
38487696 7
48983308 7
37693406 7
37693406 7
49119455 8
37376101 7
49419686 8
49785243 6
50108870 8
50242199 8
33307105 7
51215349 6
51215349 6
7293924 8
51368099 8
56220661 6
52473889 8
5204467 7
19502787 7
5325841 6
53428689 8
53188891 6
53867153 7
54068030 7
31790584 8
56075847 7
54288463 8
56370184 8
57153718 6
56578785 14
57192269 0
57192269 0
57436562 4
5733434 7
58625834 7
57528064 6
58956276 7
59779392 9
59792844 7
56229473 7
60811138 7
54002944 2
58758711 8
60886851 9
60998295 15
61297850 7
6133607 6
61371689 5
61374959 0
6133607 6
54410347 7
54410347 7
61431783 7
61406245 7
61494774 9
61726441 6
61808089 5
63131429 7
63131429 7
63143290 7
61967128 6
63565696 9
68683765 8
68683765 8
63565696 9
68683765 8
63886761 9
64003633 6
64078515 8
65138931 9
65727590 3
65465722 7
65943192 2
6596816 6
66033918 8
6596816 6
66166605 2
66228920 3
68049124 3
69067313 6
69173053 6
69874902 8
69937028 7
70037035 7
70334086 8
70413264 7
68856775 8
71211445 6
8482806 7
70668172 8
890505 6
890505 6
9378350 2
9497152 7
9771905 6
919939 9
52580118 8
9771905 6
END_DETAILED_MISSES

 timeouts: 
START_DETAILED_TIMEOUTS
END_DETAILED_TIMEOUTS
END_METHOD
END_QUERY
START_QUERY 23870737
START_METHOD SMSD_QuerywiseParallel_Timeout
time: 4119
matches: 23870737 
START_DETAILED_MATCHES
23870737 44
END_DETAILED_MATCHES

 misses: 10278353 10288685 10446339 10356185 10464950 10610116 10610116 11217487 11217487 11175480 11539831 11569483 12670639 12891779 1277846 13632598 13871875 15754740 15796342 15356007 16379568 16220171 16379568 16548540 16403572 34408212 16576575 16846817 35658984 17132482 17332461 17566360 17684074 17725426 177270 17900274 18119225 18198587 19368990 19034184 20106795 20230097 20835590 21466910 20993973 22429475 52866886 21609844 22829210 23543070 23543070 24731510 23905966 24925153 2564065 27137867 27173023 25717563 28542993 28542993 28615742 28615742 29881511 57147570 29936641 57147570 63637020 30544573 29955602 7582516 8351491 3138159 31076480 32951440 29359790 33295171 33221389 33889401 33709847 34637812 34299360 34697034 35314926 36089241 19709223 36118920 36943595 54870866 49719724 37355280 37434090 37715992 37551805 38653339 37715992 9355739 37896708 38395110 38605558 38813203 15919642 39146774 39022188 40099516 40099516 40175032 40581200 40704817 33536116 42395249 41521370 41521370 40778163 41655718 42006409 42006409 25095125 4282443 43009433 43107090 21056172 43107090 43536971 43197786 43536971 43656442 43718329 30055621 43872589 43981682 44071530 44495362 44870630 26764113 3437967 44891013 26764113 45146729 45320573 45543559 45769398 32830389 46173988 47545300 46420414 47848549 47899785 47899785 37545929 37545929 48826350 38487696 48983308 37693406 37693406 49119455 37376101 49419686 49785243 50108870 51215349 50242199 33307105 51215349 7293924 51368099 56220661 5204467 52473889 19502787 5325841 53188891 53428689 54068030 53867153 31790584 54288463 56075847 56370184 57153718 57192269 57192269 56578785 57436562 5733434 57528064 58625834 58956276 58758711 59792844 56229473 60811138 59779392 54002944 60886851 60998295 61297850 6133607 61371689 6133607 61374959 54410347 54410347 61431783 61406245 61726441 61494774 61808089 61967128 63131429 63143290 63131429 63565696 68683765 68683765 63565696 68683765 63886761 64003633 64078515 65465722 65138931 65727590 65943192 6596816 6596816 66166605 66033918 66228920 68049124 69067313 69173053 69874902 69937028 70037035 70334086 70413264 68856775 71211445 8482806 70668172 890505 890505 9378350 919939 9497152 9771905 9771905 52580118 
START_DETAILED_MISSES
10278353 6
10288685 6
10446339 6
10356185 6
10464950 6
10610116 6
10610116 6
11217487 2
11217487 2
11175480 6
11539831 6
11569483 6
12670639 5
12891779 5
1277846 6
13632598 6
13871875 6
15754740 4
15796342 0
15356007 6
16379568 8
16220171 6
16379568 8
16548540 6
16403572 6
34408212 6
16576575 6
16846817 6
35658984 8
17132482 5
17332461 6
17566360 6
17684074 6
17725426 6
177270 6
17900274 6
18119225 6
18198587 6
19368990 4
19034184 6
20106795 6
20230097 6
20835590 6
21466910 6
20993973 6
22429475 6
52866886 8
21609844 6
22829210 6
23543070 6
23543070 6
24731510 7
23905966 6
24925153 6
2564065 6
27137867 6
27173023 6
25717563 6
28542993 6
28542993 6
28615742 6
28615742 6
29881511 6
57147570 6
29936641 4
57147570 6
63637020 6
30544573 6
29955602 6
7582516 6
8351491 6
3138159 3
31076480 6
32951440 6
29359790 5
33295171 9
33221389 5
33889401 4
33709847 6
34637812 6
34299360 6
34697034 6
35314926 6
36089241 6
19709223 6
36118920 9
36943595 4
54870866 6
49719724 6
37355280 6
37434090 6
37715992 6
37551805 6
38653339 6
37715992 6
9355739 6
37896708 6
38395110 6
38605558 6
38813203 6
15919642 6
39146774 4
39022188 6
40099516 9
40099516 9
40175032 6
40581200 6
40704817 6
33536116 6
42395249 6
41521370 6
41521370 6
40778163 6
41655718 6
42006409 6
42006409 6
25095125 6
4282443 6
43009433 6
43107090 6
21056172 6
43107090 6
43536971 6
43197786 6
43536971 6
43656442 5
43718329 6
30055621 6
43872589 6
43981682 6
44071530 5
44495362 6
44870630 6
26764113 6
3437967 6
44891013 6
26764113 6
45146729 6
45320573 6
45543559 6
45769398 6
32830389 6
46173988 6
47545300 3
46420414 6
47848549 6
47899785 6
47899785 6
37545929 6
37545929 6
48826350 6
38487696 6
48983308 6
37693406 6
37693406 6
49119455 6
37376101 6
49419686 6
49785243 6
50108870 6
51215349 6
50242199 6
33307105 6
51215349 6
7293924 6
51368099 6
56220661 6
5204467 6
52473889 6
19502787 6
5325841 5
53188891 6
53428689 6
54068030 6
53867153 6
31790584 6
54288463 6
56075847 6
56370184 6
57153718 6
57192269 3
57192269 3
56578785 6
57436562 4
5733434 6
57528064 6
58625834 6
58956276 6
58758711 6
59792844 6
56229473 6
60811138 6
59779392 6
54002944 5
60886851 6
60998295 6
61297850 6
6133607 8
61371689 5
6133607 8
61374959 4
54410347 6
54410347 6
61431783 6
61406245 6
61726441 5
61494774 6
61808089 3
61967128 6
63131429 5
63143290 5
63131429 5
63565696 6
68683765 5
68683765 5
63565696 6
68683765 5
63886761 6
64003633 6
64078515 6
65465722 6
65138931 6
65727590 4
65943192 4
6596816 6
6596816 6
66166605 3
66033918 6
66228920 4
68049124 5
69067313 6
69173053 6
69874902 6
69937028 6
70037035 5
70334086 6
70413264 6
68856775 6
71211445 6
8482806 6
70668172 6
890505 6
890505 6
9378350 2
919939 6
9497152 6
9771905 6
9771905 6
52580118 6
END_DETAILED_MISSES

 timeouts: 
START_DETAILED_TIMEOUTS
END_DETAILED_TIMEOUTS
END_METHOD
END_QUERY
START_QUERY 46420414
START_METHOD SMSD_QuerywiseParallel_Timeout
time: 4135
matches: 46420414 
START_DETAILED_MATCHES
46420414 34
END_DETAILED_MATCHES

 misses: 10288685 10356185 10278353 10446339 10610116 10464950 10610116 11217487 11217487 11175480 11539831 12670639 1277846 12891779 11569483 13871875 13632598 15754740 15796342 15356007 16220171 16379568 16379568 16548540 34408212 16403572 16576575 35658984 16846817 17132482 17332461 17566360 17684074 17725426 17900274 177270 18198587 19034184 19368990 18119225 20106795 20230097 20835590 21466910 20993973 21609844 52866886 22429475 22829210 23543070 23543070 23870737 23905966 24731510 2564065 24925153 27137867 27173023 28542993 25717563 28542993 28615742 28615742 29881511 57147570 29936641 57147570 63637020 29955602 7582516 30544573 8351491 3138159 31076480 29359790 32951440 33221389 33295171 33889401 33709847 34637812 34697034 34299360 35314926 36089241 19709223 36118920 36943595 54870866 49719724 37434090 37355280 37551805 38653339 37715992 37715992 9355739 38395110 37896708 38605558 38813203 39022188 39146774 40099516 40099516 15919642 40581200 40704817 33536116 40175032 42395249 41521370 41521370 41655718 40778163 42006409 42006409 25095125 4282443 43009433 21056172 43107090 43197786 43107090 43536971 43536971 43656442 43718329 30055621 43872589 44071530 43981682 44495362 44870630 26764113 3437967 44891013 26764113 45146729 45320573 45543559 45769398 32830389 46173988 47545300 47848549 47899785 47899785 37545929 37545929 48826350 38487696 48983308 37693406 37693406 49119455 37376101 49419686 49785243 50242199 50108870 51215349 33307105 51215349 51368099 7293924 56220661 5204467 19502787 52473889 5325841 53188891 53428689 53867153 54068030 31790584 56075847 54288463 56370184 57153718 57192269 56578785 57192269 57436562 5733434 58625834 57528064 58956276 58758711 59792844 56229473 59779392 54002944 60811138 60886851 60998295 61297850 6133607 6133607 61371689 61374959 54410347 54410347 61406245 61431783 61726441 61808089 61494774 61967128 63131429 63143290 63131429 63565696 68683765 68683765 63565696 68683765 63886761 64003633 64078515 65465722 65138931 65943192 65727590 6596816 6596816 66033918 66166605 66228920 68049124 69067313 69173053 69874902 69937028 70037035 70334086 70413264 70668172 71211445 68856775 8482806 890505 890505 9378350 9497152 9771905 919939 52580118 9771905 
START_DETAILED_MISSES
10288685 9
10356185 8
10278353 13
10446339 8
10610116 10
10464950 6
10610116 10
11217487 2
11217487 2
11175480 11
11539831 8
12670639 2
1277846 10
12891779 4
11569483 12
13871875 2
13632598 6
15754740 3
15796342 2
15356007 11
16220171 8
16379568 7
16379568 7
16548540 7
34408212 7
16403572 8
16576575 12
35658984 6
16846817 8
17132482 6
17332461 8
17566360 7
17684074 10
17725426 10
17900274 11
177270 10
18198587 10
19034184 8
19368990 10
18119225 9
20106795 3
20230097 8
20835590 8
21466910 6
20993973 10
21609844 6
52866886 8
22429475 11
22829210 9
23543070 9
23543070 9
23870737 6
23905966 11
24731510 8
2564065 7
24925153 10
27137867 8
27173023 8
28542993 8
25717563 8
28542993 8
28615742 6
28615742 6
29881511 11
57147570 9
29936641 4
57147570 9
63637020 4
29955602 11
7582516 10
30544573 11
8351491 6
3138159 5
31076480 8
29359790 6
32951440 6
33221389 6
33295171 9
33889401 4
33709847 7
34637812 8
34697034 7
34299360 6
35314926 13
36089241 8
19709223 7
36118920 5
36943595 7
54870866 7
49719724 12
37434090 10
37355280 15
37551805 7
38653339 8
37715992 8
37715992 8
9355739 6
38395110 10
37896708 6
38605558 14
38813203 7
39022188 10
39146774 4
40099516 6
40099516 6
15919642 9
40581200 10
40704817 11
33536116 6
40175032 10
42395249 8
41521370 7
41521370 7
41655718 7
40778163 15
42006409 10
42006409 10
25095125 8
4282443 10
43009433 7
21056172 8
43107090 11
43197786 8
43107090 11
43536971 7
43536971 7
43656442 4
43718329 8
30055621 7
43872589 8
44071530 9
43981682 9
44495362 6
44870630 10
26764113 10
3437967 6
44891013 9
26764113 10
45146729 6
45320573 8
45543559 8
45769398 7
32830389 7
46173988 8
47545300 5
47848549 10
47899785 11
47899785 11
37545929 13
37545929 13
48826350 8
38487696 8
48983308 6
37693406 8
37693406 8
49119455 10
37376101 6
49419686 7
49785243 6
50242199 8
50108870 7
51215349 10
33307105 8
51215349 10
51368099 7
7293924 7
56220661 6
5204467 10
19502787 7
52473889 9
5325841 8
53188891 9
53428689 9
53867153 7
54068030 7
31790584 10
56075847 10
54288463 9
56370184 10
57153718 6
57192269 0
56578785 9
57192269 0
57436562 9
5733434 9
58625834 8
57528064 8
58956276 6
58758711 9
59792844 7
56229473 10
59779392 6
54002944 4
60811138 6
60886851 8
60998295 8
61297850 8
6133607 8
6133607 8
61371689 6
61374959 5
54410347 7
54410347 7
61406245 7
61431783 6
61726441 8
61808089 6
61494774 8
61967128 9
63131429 9
63143290 8
63131429 9
63565696 8
68683765 11
68683765 11
63565696 8
68683765 11
63886761 6
64003633 9
64078515 11
65465722 8
65138931 8
65943192 6
65727590 4
6596816 8
6596816 8
66033918 11
66166605 5
66228920 5
68049124 4
69067313 8
69173053 8
69874902 7
69937028 8
70037035 8
70334086 9
70413264 6
70668172 9
71211445 9
68856775 11
8482806 8
890505 10
890505 10
9378350 6
9497152 9
9771905 11
919939 8
52580118 12
9771905 11
END_DETAILED_MISSES

 timeouts: 
START_DETAILED_TIMEOUTS
END_DETAILED_TIMEOUTS
END_METHOD
END_QUERY
START_QUERY 30055621
START_METHOD SMSD_QuerywiseParallel_Timeout
time: 2115
matches: 30055621 
START_DETAILED_MATCHES
30055621 20
END_DETAILED_MATCHES

 misses: 10278353 10356185 10446339 10464950 10288685 10610116 10610116 11217487 11217487 11175480 11539831 12670639 1277846 12891779 13632598 13871875 11569483 15754740 15796342 16220171 16379568 16379568 15356007 16403572 16548540 34408212 16576575 16846817 35658984 17132482 17332461 17684074 17566360 17725426 17900274 18119225 18198587 19034184 19368990 20106795 20230097 20835590 20993973 21466910 21609844 22429475 52866886 22829210 177270 23543070 23543070 23870737 24731510 24925153 2564065 23905966 25717563 27137867 27173023 28542993 28542993 28615742 28615742 29881511 57147570 29936641 57147570 63637020 30544573 7582516 8351491 31076480 3138159 32951440 29955602 29359790 33295171 33221389 33709847 33889401 34637812 34697034 34299360 35314926 36089241 36118920 19709223 36943595 54870866 49719724 37355280 37434090 37715992 38653339 37715992 9355739 37551805 37896708 38605558 38395110 38813203 15919642 39022188 39146774 40099516 40099516 40581200 40704817 40175032 42395249 33536116 41521370 41521370 41655718 40778163 42006409 42006409 25095125 4282443 43009433 21056172 43107090 43107090 43197786 43536971 43536971 43656442 43718329 43872589 44071530 44495362 43981682 44870630 26764113 26764113 3437967 44891013 45320573 45146729 45543559 45769398 46173988 32830389 47545300 46420414 47848549 47899785 47899785 37545929 37545929 48826350 38487696 48983308 37693406 37693406 37376101 49119455 49419686 49785243 50108870 51215349 50242199 33307105 51215349 7293924 56220661 5204467 51368099 52473889 19502787 5325841 53188891 53428689 53867153 54068030 31790584 54288463 56370184 56075847 57153718 57192269 57192269 5733434 57436562 56578785 58625834 57528064 58956276 59779392 59792844 56229473 60811138 54002944 60886851 60998295 61297850 6133607 6133607 61371689 61374959 54410347 54410347 61406245 61431783 61494774 61726441 61808089 61967128 63131429 63131429 63143290 58758711 63565696 68683765 68683765 63565696 68683765 63886761 64078515 64003633 65465722 65138931 65727590 65943192 6596816 6596816 66166605 66033918 66228920 68049124 69067313 69173053 69874902 69937028 70037035 70334086 70413264 68856775 71211445 8482806 890505 890505 919939 9378350 9497152 9771905 52580118 9771905 70668172 
START_DETAILED_MISSES
10278353 9
10356185 7
10446339 6
10464950 6
10288685 8
10610116 9
10610116 9
11217487 2
11217487 2
11175480 7
11539831 7
12670639 0
1277846 9
12891779 5
13632598 9
13871875 0
11569483 7
15754740 0
15796342 2
16220171 7
16379568 8
16379568 8
15356007 7
16403572 7
16548540 8
34408212 9
16576575 7
16846817 9
35658984 9
17132482 5
17332461 7
17684074 7
17566360 6
17725426 7
17900274 7
18119225 7
18198587 7
19034184 8
19368990 3
20106795 3
20230097 7
20835590 8
20993973 7
21466910 7
21609844 6
22429475 9
52866886 9
22829210 7
177270 7
23543070 8
23543070 8
23870737 6
24731510 14
24925153 7
2564065 9
23905966 7
25717563 9
27137867 7
27173023 7
28542993 7
28542993 7
28615742 7
28615742 7
29881511 6
57147570 7
29936641 0
57147570 7
63637020 4
30544573 7
7582516 7
8351491 9
31076480 15
3138159 0
32951440 6
29955602 6
29359790 6
33295171 9
33221389 8
33709847 7
33889401 4
34637812 9
34697034 9
34299360 9
35314926 6
36089241 9
36118920 3
19709223 6
36943595 5
54870866 6
49719724 7
37355280 9
37434090 9
37715992 9
38653339 7
37715992 9
9355739 10
37551805 6
37896708 10
38605558 6
38395110 9
38813203 10
15919642 8
39022188 9
39146774 0
40099516 6
40099516 6
40581200 7
40704817 8
40175032 7
42395249 9
33536116 6
41521370 6
41521370 6
41655718 9
40778163 9
42006409 9
42006409 9
25095125 9
4282443 7
43009433 9
21056172 7
43107090 7
43107090 7
43197786 8
43536971 7
43536971 7
43656442 4
43718329 7
43872589 10
44071530 5
44495362 9
43981682 8
44870630 15
26764113 15
26764113 15
3437967 7
44891013 6
45320573 8
45146729 8
45543559 6
45769398 9
46173988 7
32830389 6
47545300 3
46420414 7
47848549 7
47899785 6
47899785 6
37545929 7
37545929 7
48826350 7
38487696 7
48983308 9
37693406 7
37693406 7
37376101 9
49119455 9
49419686 8
49785243 7
50108870 16
51215349 7
50242199 16
33307105 9
51215349 7
7293924 7
56220661 6
5204467 8
51368099 9
52473889 8
19502787 6
5325841 6
53188891 6
53428689 6
53867153 7
54068030 6
31790584 7
54288463 8
56370184 7
56075847 9
57153718 7
57192269 0
57192269 0
5733434 8
57436562 4
56578785 8
58625834 8
57528064 7
58956276 6
59779392 7
59792844 8
56229473 7
60811138 6
54002944 2
60886851 7
60998295 7
61297850 7
6133607 7
6133607 7
61371689 8
61374959 3
54410347 6
54410347 6
61406245 15
61431783 9
61494774 7
61726441 7
61808089 2
61967128 6
63131429 8
63131429 8
63143290 5
58758711 6
63565696 7
68683765 7
68683765 7
63565696 7
68683765 7
63886761 7
64078515 7
64003633 6
65465722 9
65138931 7
65727590 0
65943192 3
6596816 7
6596816 7
66166605 3
66033918 6
66228920 3
68049124 0
69067313 7
69173053 7
69874902 6
69937028 7
70037035 5
70334086 6
70413264 7
68856775 6
71211445 6
8482806 7
890505 8
890505 8
919939 7
9378350 2
9497152 6
9771905 9
52580118 6
9771905 9
70668172 7
END_DETAILED_MISSES

 timeouts: 
START_DETAILED_TIMEOUTS
END_DETAILED_TIMEOUTS
END_METHOD
END_QUERY
START_QUERY 919939
START_METHOD SMSD_QuerywiseParallel_Timeout
time: 39460
matches: 919939 
START_DETAILED_MATCHES
919939 24
END_DETAILED_MATCHES

 misses: 10288685 10356185 10446339 10278353 10464950 10610116 10610116 11217487 11217487 11175480 11539831 12670639 1277846 12891779 13632598 13871875 15356007 15754740 15796342 16220171 16379568 16379568 11569483 16548540 34408212 16576575 16846817 35658984 17132482 17332461 17566360 17684074 17725426 16403572 17900274 18119225 18198587 19034184 19368990 20106795 20230097 20835590 20993973 21466910 21609844 22429475 52866886 22829210 177270 23543070 23870737 23905966 24731510 24925153 2564065 25717563 27137867 27173023 28542993 28542993 28615742 28615742 29881511 57147570 57147570 29936641 29955602 63637020 30544573 7582516 8351491 31076480 3138159 32951440 29359790 33295171 33221389 33709847 33889401 34299360 34637812 34697034 35314926 36089241 19709223 36118920 49719724 36943595 54870866 23543070 37355280 37434090 37715992 38653339 37551805 9355739 37896708 37715992 38605558 38395110 38813203 39022188 39146774 40099516 40099516 40175032 15919642 40704817 40581200 33536116 42395249 41521370 40778163 41521370 42006409 41655718 42006409 25095125 4282443 43009433 43107090 43107090 43197786 43536971 43536971 43656442 43718329 30055621 43872589 21056172 44071530 44495362 43981682 44870630 26764113 26764113 3437967 44891013 45146729 45320573 45543559 45769398 46173988 32830389 47545300 46420414 47899785 47899785 47848549 37545929 37545929 48826350 38487696 48983308 37693406 37693406 37376101 49119455 49419686 49785243 50108870 51215349 33307105 51215349 50242199 7293924 56220661 51368099 5204467 19502787 53188891 5325841 52473889 53428689 53867153 54068030 31790584 56075847 56370184 54288463 57153718 57192269 57192269 56578785 57436562 57528064 58625834 5733434 58956276 59779392 59792844 56229473 60811138 54002944 60886851 60998295 61297850 6133607 6133607 61371689 61374959 54410347 54410347 61406245 61431783 61494774 61726441 61808089 61967128 63131429 63131429 63143290 63565696 68683765 68683765 63565696 68683765 63886761 64003633 64078515 65465722 65138931 65727590 65943192 6596816 58758711 66033918 66166605 6596816 66228920 68049124 69067313 69173053 69874902 69937028 70037035 70334086 70413264 68856775 71211445 8482806 890505 890505 9378350 9497152 9771905 52580118 9771905 70668172 
START_DETAILED_MISSES
10288685 12
10356185 6
10446339 6
10278353 10
10464950 6
10610116 9
10610116 9
11217487 0
11217487 0
11175480 11
11539831 12
12670639 0
1277846 7
12891779 4
13632598 7
13871875 0
15356007 12
15754740 0
15796342 0
16220171 6
16379568 6
16379568 6
11569483 12
16548540 6
34408212 7
16576575 6
16846817 7
35658984 7
17132482 5
17332461 6
17566360 6
17684074 6
17725426 6
16403572 13
17900274 7
18119225 6
18198587 6
19034184 6
19368990 0
20106795 0
20230097 6
20835590 6
20993973 6
21466910 9
21609844 6
22429475 8
52866886 7
22829210 7
177270 14
23543070 17
23870737 6
23905966 14
24731510 6
24925153 6
2564065 7
25717563 14
27137867 6
27173023 9
28542993 6
28542993 6
28615742 6
28615742 6
29881511 6
57147570 13
57147570 13
29936641 0
29955602 10
63637020 4
30544573 6
7582516 6
8351491 7
31076480 7
3138159 0
32951440 6
29359790 5
33295171 7
33221389 6
33709847 6
33889401 4
34299360 6
34637812 6
34697034 7
35314926 6
36089241 7
19709223 6
36118920 0
49719724 8
36943595 2
54870866 6
23543070 17
37355280 6
37434090 6
37715992 9
38653339 6
37551805 11
9355739 7
37896708 6
37715992 9
38605558 8
38395110 6
38813203 7
39022188 6
39146774 0
40099516 6
40099516 6
40175032 9
15919642 12
40704817 6
40581200 6
33536116 6
42395249 6
41521370 6
40778163 12
41521370 6
42006409 6
41655718 9
42006409 6
25095125 11
4282443 6
43009433 7
43107090 6
43107090 6
43197786 6
43536971 10
43536971 10
43656442 4
43718329 9
30055621 7
43872589 7
21056172 13
44071530 5
44495362 7
43981682 8
44870630 9
26764113 7
26764113 7
3437967 6
44891013 6
45146729 7
45320573 6
45543559 6
45769398 7
46173988 6
32830389 6
47545300 0
46420414 8
47899785 6
47899785 6
47848549 6
37545929 11
37545929 11
48826350 9
38487696 6
48983308 7
37693406 9
37693406 9
37376101 7
49119455 7
49419686 6
49785243 6
50108870 7
51215349 6
33307105 7
51215349 6
50242199 7
7293924 6
56220661 6
51368099 11
5204467 6
19502787 6
53188891 7
5325841 6
52473889 6
53428689 6
53867153 6
54068030 6
31790584 6
56075847 6
56370184 6
54288463 6
57153718 6
57192269 0
57192269 0
56578785 10
57436562 4
57528064 6
58625834 11
5733434 6
58956276 6
59779392 7
59792844 6
56229473 6
60811138 6
54002944 0
60886851 6
60998295 6
61297850 6
6133607 6
6133607 6
61371689 5
61374959 0
54410347 6
54410347 6
61406245 7
61431783 7
61494774 6
61726441 6
61808089 3
61967128 9
63131429 6
63131429 6
63143290 5
63565696 9
68683765 8
68683765 8
63565696 9
68683765 8
63886761 9
64003633 9
64078515 9
65465722 7
65138931 6
65727590 0
65943192 0
6596816 6
58758711 14
66033918 6
66166605 0
6596816 6
66228920 0
68049124 3
69067313 6
69173053 6
69874902 8
69937028 13
70037035 6
70334086 6
70413264 6
68856775 11
71211445 8
8482806 6
890505 15
890505 15
9378350 5
9497152 10
9771905 8
52580118 11
9771905 8
70668172 16
END_DETAILED_MISSES

 timeouts: 
START_DETAILED_TIMEOUTS
END_DETAILED_TIMEOUTS
END_METHOD
END_QUERY
START_QUERY 19034184
START_METHOD SMSD_QuerywiseParallel_Timeout
time: 3140
matches: 19034184 
START_DETAILED_MATCHES
19034184 26
END_DETAILED_MATCHES

 misses: 10278353 10356185 10288685 10446339 10464950 10610116 10610116 11217487 11217487 11175480 11539831 12670639 1277846 12891779 13632598 13871875 11569483 15754740 15796342 15356007 16220171 16379568 16379568 16548540 16403572 34408212 16846817 16576575 35658984 17132482 17332461 17684074 17566360 17725426 17900274 18119225 18198587 177270 19368990 20230097 20106795 20835590 21466910 20993973 21609844 22429475 52866886 22829210 23543070 23543070 23870737 23905966 24925153 24731510 2564065 27137867 27173023 28542993 28542993 28615742 28615742 29881511 57147570 25717563 57147570 29936641 63637020 29955602 7582516 30544573 8351491 31076480 3138159 32951440 29359790 33221389 33295171 33889401 33709847 34637812 34299360 34697034 35314926 36089241 36118920 19709223 36943595 54870866 37355280 37434090 49719724 37715992 37551805 38653339 9355739 37715992 37896708 38395110 38605558 38813203 15919642 39146774 39022188 40099516 40099516 40581200 40704817 33536116 42395249 40175032 41521370 41521370 41655718 40778163 42006409 42006409 25095125 21056172 4282443 43009433 43107090 43107090 43197786 43536971 43536971 43656442 30055621 43718329 43872589 44071530 43981682 44495362 44870630 26764113 26764113 3437967 44891013 45320573 45146729 45543559 45769398 32830389 46173988 47545300 47848549 46420414 47899785 47899785 37545929 37545929 48826350 48983308 38487696 37693406 37693406 49119455 37376101 49419686 49785243 50108870 51215349 33307105 51215349 50242199 7293924 56220661 51368099 52473889 5204467 19502787 5325841 53428689 53188891 54068030 31790584 53867153 56075847 56370184 54288463 57153718 57192269 57192269 56578785 57436562 5733434 57528064 58625834 58956276 58758711 59792844 56229473 60811138 54002944 59779392 60886851 60998295 61297850 6133607 6133607 61371689 61374959 54410347 54410347 61406245 61431783 61494774 61726441 61808089 61967128 63131429 63143290 63131429 68683765 63565696 68683765 68683765 63565696 63886761 64003633 64078515 65465722 65138931 65943192 65727590 6596816 66033918 6596816 66166605 66228920 68049124 69067313 69173053 69874902 69937028 70037035 70334086 70413264 68856775 70668172 8482806 71211445 890505 890505 9378350 919939 9497152 9771905 9771905 52580118 
START_DETAILED_MISSES
10278353 8
10356185 9
10288685 9
10446339 7
10464950 6
10610116 9
10610116 9
11217487 4
11217487 4
11175480 8
11539831 7
12670639 3
1277846 9
12891779 4
13632598 6
13871875 2
11569483 7
15754740 3
15796342 2
15356007 6
16220171 7
16379568 6
16379568 6
16548540 9
16403572 7
34408212 6
16846817 8
16576575 6
35658984 8
17132482 6
17332461 8
17684074 10
17566360 6
17725426 8
17900274 7
18119225 9
18198587 9
177270 7
19368990 4
20230097 8
20106795 5
20835590 8
21466910 6
20993973 9
21609844 6
22429475 8
52866886 8
22829210 8
23543070 9
23543070 9
23870737 6
23905966 9
24925153 7
24731510 8
2564065 6
27137867 8
27173023 6
28542993 9
28542993 9
28615742 6
28615742 6
29881511 6
57147570 7
25717563 6
57147570 7
29936641 4
63637020 4
29955602 6
7582516 8
30544573 6
8351491 8
31076480 8
3138159 3
32951440 6
29359790 6
33221389 6
33295171 8
33889401 4
33709847 6
34637812 8
34299360 8
34697034 6
35314926 8
36089241 8
36118920 3
19709223 6
36943595 5
54870866 6
37355280 8
37434090 8
49719724 6
37715992 6
37551805 6
38653339 8
9355739 6
37715992 6
37896708 8
38395110 8
38605558 6
38813203 6
15919642 9
39146774 4
39022188 12
40099516 6
40099516 6
40581200 8
40704817 8
33536116 6
42395249 10
40175032 9
41521370 6
41521370 6
41655718 8
40778163 8
42006409 8
42006409 8
25095125 6
21056172 7
4282443 8
43009433 6
43107090 8
43107090 8
43197786 8
43536971 6
43536971 6
43656442 4
30055621 8
43718329 6
43872589 9
44071530 6
43981682 8
44495362 6
44870630 8
26764113 10
26764113 10
3437967 6
44891013 8
45320573 9
45146729 6
45543559 6
45769398 6
32830389 6
46173988 8
47545300 5
47848549 8
46420414 8
47899785 6
47899785 6
37545929 8
37545929 8
48826350 6
48983308 6
38487696 6
37693406 8
37693406 8
49119455 8
37376101 6
49419686 8
49785243 7
50108870 8
51215349 8
33307105 8
51215349 8
50242199 8
7293924 7
56220661 6
51368099 8
52473889 10
5204467 9
19502787 6
5325841 6
53428689 8
53188891 6
54068030 6
31790584 9
53867153 6
56075847 8
56370184 8
54288463 8
57153718 7
57192269 0
57192269 0
56578785 9
57436562 4
5733434 8
57528064 8
58625834 7
58956276 6
58758711 6
59792844 8
56229473 8
60811138 6
54002944 3
59779392 6
60886851 9
60998295 7
61297850 8
6133607 8
6133607 8
61371689 6
61374959 2
54410347 6
54410347 6
61406245 9
61431783 6
61494774 10
61726441 8
61808089 4
61967128 6
63131429 8
63143290 6
63131429 8
68683765 8
63565696 6
68683765 8
68683765 8
63565696 6
63886761 6
64003633 6
64078515 8
65465722 6
65138931 6
65943192 3
65727590 4
6596816 8
66033918 8
6596816 8
66166605 3
66228920 3
68049124 4
69067313 6
69173053 10
69874902 6
69937028 7
70037035 6
70334086 8
70413264 6
68856775 6
70668172 7
8482806 8
71211445 8
890505 8
890505 8
9378350 5
919939 6
9497152 6
9771905 8
9771905 8
52580118 6
END_DETAILED_MISSES

 timeouts: 
START_DETAILED_TIMEOUTS
END_DETAILED_TIMEOUTS
END_METHOD
END_QUERY
